{
	"asset": {
		"generator": "SOLIDWORKSGLTF",
		"version" : "2.0"
	},
"extensionsUsed": [ "KHR_lights_punctual", "Solidworks_custom_properties", "KHR_draco_mesh_compression"],
"extensionsRequired": [ "KHR_draco_mesh_compression" ],
	"scene" : 0,
	"scenes": [
		{
			"name": "기본 - 표시 상태-1",
			"nodes": [
				0, 11, 247, 248]
		}
	],
	"nodes": [
		{
			"matrix": [
				0.707107,					0,					-0.707107,					0,
				-0.408204,					0.816541,					-0.408204,					0,
				0.577382,					0.577288,					0.577382,					0,
				3.94562,					4.17982,					4.10441,					1
			]
			,"camera": 0
			,"name": "current"		}
,
		{
			"matrix": [
				1,					0,					0,					0,
				0,					1,					0,					0,
				0,					0,					1,					0,
				-0.117469,					0.141468,					7.00267,					1
			]
			,"camera": 1
			,"name": "*면에 수직으로 보기"		}
,
		{
			"matrix": [
				1,					0,					0,					0,
				0,					1,					0,					0,
				0,					0,					1,					0,
				0,					0,					7.01,					1
			]
			,"camera": 2
			,"name": "*정면"		}
,
		{
			"matrix": [
				-1,					0,					0,					0,
				0,					1,					0,					0,
				0,					0,					-1,					0,
				0,					0,					-7.01,					1
			]
			,"camera": 3
			,"name": "*후면"		}
,
		{
			"matrix": [
				0,					0,					1,					0,
				0,					1,					0,					0,
				-1,					0,					0,					0,
				-7.01,					0,					0,					1
			]
			,"camera": 4
			,"name": "*좌측면"		}
,
		{
			"matrix": [
				0,					0,					-1,					0,
				0,					1,					0,					0,
				1,					0,					0,					0,
				7.01,					0,					0,					1
			]
			,"camera": 5
			,"name": "*우측면"		}
,
		{
			"matrix": [
				1,					0,					0,					0,
				0,					0,					-1,					0,
				0,					1,					0,					0,
				0,					7.01,					0,					1
			]
			,"camera": 6
			,"name": "*윗면"		}
,
		{
			"matrix": [
				1,					0,					0,					0,
				0,					0,					1,					0,
				0,					-1,					0,					0,
				0,					-7.01,					0,					1
			]
			,"camera": 7
			,"name": "*아랫면"		}
,
		{
			"matrix": [
				0.707107,					0,					-0.707107,					0,
				-0.408204,					0.816541,					-0.408204,					0,
				0.577382,					0.577288,					0.577382,					0,
				4.04744,					4.04679,					4.04744,					1
			]
			,"camera": 8
			,"name": "*등각 보기"		}
,
		{
			"matrix": [
				0.884418,					0,					-0.466695,					0,
				-0.240366,					0.857167,					-0.455509,					0,
				0.400036,					0.515038,					0.758094,					0,
				2.80425,					3.61042,					5.31424,					1
			]
			,"camera": 9
			,"name": "*트리메트릭"		}
,
		{
			"matrix": [
				0.935414,					0,					-0.353553,					0,
				-0.117851,					0.942809,					-0.311805,					0,
				0.333333,					0.333333,					0.881917,					0,
				2.33667,					2.33667,					6.18224,					1
			]
			,"camera": 10
			,"name": "*디메트릭"		}
,
		{
			"children": [
				12, 13, 14, 15, 16, 17, 18, 19, 20, 21, 22, 23, 24, 25, 26, 27, 28, 29, 30, 31, 32, 33, 34, 35, 36, 37, 38, 39, 40, 41, 42, 43, 44, 45, 46, 47, 48, 49, 50, 51, 52, 53, 54, 55, 56, 57, 58, 59, 60, 61, 62, 63, 64, 65, 66, 67, 68, 69, 70, 71, 72, 73, 74, 75, 76, 77, 78, 79, 80, 81, 82, 83, 84, 85, 86, 87, 88, 89, 90, 91, 92, 93, 94, 95, 96, 97, 98, 99, 100, 101, 102, 103, 104, 105, 106, 107, 108, 109, 110, 111, 112, 113, 114, 115, 116, 117, 118, 119, 120, 121, 122, 123, 124, 131, 136, 137, 138, 139, 140, 141, 142, 143, 144, 147, 148, 149, 150, 151, 152, 153, 154, 155, 156, 157, 158, 159, 160, 161, 162, 163, 164, 165, 166, 167, 168, 169, 170, 171, 172, 173, 174, 175, 176, 177, 178, 179, 180, 181, 182, 183, 184, 185, 186, 187, 188, 189, 190, 191, 192, 193, 194, 195, 196, 197, 198, 199, 200, 201, 202, 203, 204, 205, 206, 207, 208, 209, 210, 211, 212, 213, 214, 215, 216, 217, 218, 219, 220, 221, 222, 223, 224, 225, 226, 227, 228, 229, 230, 231, 232, 233, 234, 235, 236, 237, 238, 239, 240, 241, 242, 243, 244, 245, 246
			]
			,"name": "Pedal Board ASS'Y"		}
,
		{
			"matrix": [
				6.93889e-18,					0.0971,					-0.995275,					0,
				1.2326e-32,					-0.995275,					-0.0971,					0,
				-1,					6.73766e-19,					-6.90611e-18,					0,
				0.055,					0.0497492,					0.117924,					1
			]
			,"name": "KR5G5-100P-65"		}
,
		{
			"matrix": [
				6.93889e-18,					0.0971,					-0.995275,					0,
				1.2326e-32,					-0.995275,					-0.0971,					0,
				-1,					6.73766e-19,					-6.90611e-18,					0,
				0.165,					0.0497492,					0.117924,					1
			]
			,"name": "KR5G5-100P-66"		}
,
		{
			"matrix": [
				6.93889e-18,					0.0971,					-0.995275,					0,
				1.2326e-32,					-0.995275,					-0.0971,					0,
				-1,					6.73766e-19,					-6.90611e-18,					0,
				0.275,					0.0497492,					0.117924,					1
			]
			,"name": "KR5G5-100P-67"		}
,
		{
			"matrix": [
				-1.11022e-16,					0.0971,					-0.995275,					0,
				3.69779e-32,					-0.995275,					-0.0971,					0,
				-1,					5.83639e-17,					5.66561e-18,					0,
				0.165,					0.0546042,					0.0681606,					1
			]
			,"name": "KR5G5-100P-61"		}
,
		{
			"matrix": [
				-1.11022e-16,					0.0971,					-0.995275,					0,
				3.69779e-32,					-0.995275,					-0.0971,					0,
				-1,					5.83639e-17,					5.66561e-18,					0,
				0.275,					0.0546042,					0.0681606,					1
			]
			,"name": "KR5G5-100P-62"		}
,
		{
			"matrix": [
				6.93889e-18,					0.0971,					-0.995275,					0,
				1.2326e-32,					-0.995275,					-0.0971,					0,
				-1,					6.73766e-19,					-6.90611e-18,					0,
				-0.165,					0.0497492,					0.117924,					1
			]
			,"name": "KR5G5-100P-63"		}
,
		{
			"matrix": [
				6.93889e-18,					0.0971,					-0.995275,					0,
				1.2326e-32,					-0.995275,					-0.0971,					0,
				-1,					6.73766e-19,					-6.90611e-18,					0,
				-0.055,					0.0497492,					0.117924,					1
			]
			,"name": "KR5G5-100P-64"		}
,
		{
			"matrix": [
				1.2326e-32,					0.0971,					-0.995275,					0,
				-6.77927e-32,					-0.995275,					-0.0971,					0,
				-1,					9.34076e-33,					1.44214e-30,					0,
				0.165,					0.0599933,					0.0129229,					1
			]
			,"name": "KR5G5-100P-56"		}
,
		{
			"matrix": [
				-1.11022e-16,					0.0971,					-0.995275,					0,
				3.69779e-32,					-0.995275,					-0.0971,					0,
				-1,					5.83639e-17,					5.66561e-18,					0,
				-0.165,					0.0546042,					0.0681606,					1
			]
			,"name": "KR5G5-100P-58"		}
,
		{
			"matrix": [
				1.2326e-32,					0.0971,					-0.995275,					0,
				-6.77927e-32,					-0.995275,					-0.0971,					0,
				-1,					9.34076e-33,					1.44214e-30,					0,
				0.275,					0.0599933,					0.0129229,					1
			]
			,"name": "KR5G5-100P-57"		}
,
		{
			"matrix": [
				-1.11022e-16,					0.0971,					-0.995275,					0,
				3.69779e-32,					-0.995275,					-0.0971,					0,
				-1,					5.83639e-17,					5.66561e-18,					0,
				-0.055,					0.0546042,					0.0681606,					1
			]
			,"name": "KR5G5-100P-59"		}
,
		{
			"matrix": [
				-1.11022e-16,					0.0971,					-0.995275,					0,
				3.69779e-32,					-0.995275,					-0.0971,					0,
				-1,					5.83639e-17,					5.66561e-18,					0,
				0.055,					0.0546042,					0.0681606,					1
			]
			,"name": "KR5G5-100P-60"		}
,
		{
			"matrix": [
				1.2326e-32,					0.0971,					-0.995275,					0,
				-6.77927e-32,					-0.995275,					-0.0971,					0,
				-1,					9.34076e-33,					1.44214e-30,					0,
				0.055,					0.0599933,					0.0129229,					1
			]
			,"name": "KR5G5-100P-55"		}
,
		{
			"matrix": [
				0.951644,					0,					-0.307203,					0,
				0.307203,					0,					0.951644,					0,
				0,					-1,					0,					0,
				-0.0993,					0.1075,					-0.1351,					1
			]
			,"mesh": 0
			,"name": "hexagon thin nut gradeab_ks-4"		}
,
		{
			"matrix": [
				2.87518e-16,					-3.93964e-16,					1,					0,
				-3.93964e-16,					1,					3.93964e-16,					0,
				-1,					-3.93964e-16,					2.87518e-16,					0,
				-0.348808,					0.197139,					-0.0220562,					1
			]
			,"mesh": 1
			,"name": "hexagon nut style 1 gradeab_ks-1"		}
,
		{
			"matrix": [
				0.990144,					0,					-0.140051,					0,
				0.140051,					0,					0.990144,					0,
				0,					-1,					0,					0,
				-0.0993,					0.109,					-0.1251,					1
			]
			,"mesh": 2
			,"name": "hexagon thin nut gradeab_ks-3"		}
,
		{
			"matrix": [
				-1,					-1.77159e-16,					1.66533e-16,					0,
				2.21562e-16,					-0.381849,					0.924225,					0,
				-1.00144e-16,					0.924225,					0.381849,					0,
				-0.3235,					0.157064,					-0.172397,					1
			]
			,"mesh": 3
			,"name": "socket head cap screw_ks-13"		}
,
		{
			"matrix": [
				-1,					-1.77159e-16,					1.66533e-16,					0,
				2.21562e-16,					-0.381849,					0.924225,					0,
				-1.00144e-16,					0.924225,					0.381849,					0,
				-0.3235,					0.1246,					-0.1442,					1
			]
			,"mesh": 4
			,"name": "socket head cap screw_ks-14"		}
,
		{
			"matrix": [
				1,					0,					0,					0,
				0,					1,					0,					0,
				0,					0,					1,					0,
				0.3235,					0.157053,					-0.172411,					1
			]
			,"mesh": 5
			,"name": "socket head cap screw_ks-15"		}
,
		{
			"matrix": [
				1,					0,					0,					0,
				0,					1,					0,					0,
				0,					0,					1,					0,
				0.3235,					0.124611,					-0.144187,					1
			]
			,"mesh": 6
			,"name": "socket head cap screw_ks-16"		}
,
		{
			"matrix": [
				-5.94758e-15,					1,					5.55112e-17,					0,
				-0.141485,					-8.96446e-16,					0.98994,					0,
				0.98994,					5.8799e-15,					0.141485,					0,
				0.0225,					0.1983,					-0.095135,					1
			]
			,"mesh": 7
			,"name": "socket head cap screw_ks-6"		}
,
		{
			"matrix": [
				-5.94758e-15,					1,					-4.996e-16,					0,
				-0.983876,					-5.78704e-15,					0.178852,					0,
				0.178852,					1.55431e-15,					0.983876,					0,
				-0.0225,					0.1983,					-0.095135,					1
			]
			,"mesh": 8
			,"name": "socket head cap screw_ks-8"		}
,
		{
			"matrix": [
				-4.32676e-16,					-3.33067e-16,					-1,					0,
				5.49806e-15,					-1,					3.33067e-16,					0,
				-1,					-5.49806e-15,					4.32676e-16,					0,
				0.275,					0.2052,					-0.15925,					1
			]
			,"name": "KR5G5-100P-17"		}
,
		{
			"matrix": [
				-4.32676e-16,					-3.33067e-16,					-1,					0,
				5.49806e-15,					-1,					3.33067e-16,					0,
				-1,					-5.49806e-15,					4.32676e-16,					0,
				-0.055,					0.2052,					-0.15925,					1
			]
			,"name": "KR5G5-100P-14"		}
,
		{
			"matrix": [
				-3.38142e-16,					-3.33067e-16,					-1,					0,
				5.49806e-15,					-1,					3.33067e-16,					0,
				-1,					-5.49806e-15,					3.38142e-16,					0,
				-0.055,					0.2052,					-0.114,					1
			]
			,"name": "KR5G5-100P-19"		}
,
		{
			"matrix": [
				-3.38142e-16,					-3.33067e-16,					-1,					0,
				5.49806e-15,					-1,					3.33067e-16,					0,
				-1,					-5.49806e-15,					3.38142e-16,					0,
				0.275,					0.2052,					-0.114,					1
			]
			,"name": "KR5G5-100P-22"		}
,
		{
			"matrix": [
				-3.38142e-16,					-3.33067e-16,					-1,					0,
				5.49806e-15,					-1,					3.33067e-16,					0,
				-1,					-5.49806e-15,					3.38142e-16,					0,
				0.165,					0.2052,					-0.114,					1
			]
			,"name": "KR5G5-100P-21"		}
,
		{
			"matrix": [
				-2.01975e-16,					-3.33067e-16,					-1,					0,
				5.49806e-15,					-1,					3.33067e-16,					0,
				-1,					-5.49806e-15,					2.01975e-16,					0,
				0.055,					0.2052,					-0.15925,					1
			]
			,"name": "KR5G5-100P-25"		}
,
		{
			"matrix": [
				-1,					0,					0,					0,
				0,					1,					0,					0,
				0,					0,					-1,					0,
				0.3415,					0.115,					-0.137,					1
			]
			,"mesh": 9
			,"name": "R02_Support Block2_대칭-4"		}
,
		{
			"matrix": [
				1,					-8.85793e-17,					8.32667e-17,					0,
				4.72894e-18,					-0.656059,					-0.75471,					0,
				1.2148e-16,					0.75471,					-0.656059,					0,
				0.334,					0.124359,					-0.177248,					1
			]
			,"mesh": 10
			,"name": "by4-bk-16s-2"		}
,
		{
			"matrix": [
				-4.32676e-16,					-3.33067e-16,					-1,					0,
				5.49806e-15,					-1,					3.33067e-16,					0,
				-1,					-5.49806e-15,					4.32676e-16,					0,
				-0.165,					0.2052,					-0.15925,					1
			]
			,"name": "KR5G5-100P-13"		}
,
		{
			"matrix": [
				-4.32676e-16,					-3.33067e-16,					-1,					0,
				5.49806e-15,					-1,					3.33067e-16,					0,
				-1,					-5.49806e-15,					4.32676e-16,					0,
				0.165,					0.2052,					-0.15925,					1
			]
			,"name": "KR5G5-100P-16"		}
,
		{
			"matrix": [
				-4.32676e-16,					-3.33067e-16,					-1,					0,
				5.49806e-15,					-1,					3.33067e-16,					0,
				-1,					-5.49806e-15,					4.32676e-16,					0,
				0.055,					0.2052,					-0.15925,					1
			]
			,"name": "KR5G5-100P-15"		}
,
		{
			"matrix": [
				-3.38142e-16,					-3.33067e-16,					-1,					0,
				5.49806e-15,					-1,					3.33067e-16,					0,
				-1,					-5.49806e-15,					3.38142e-16,					0,
				-0.165,					0.2052,					-0.114,					1
			]
			,"name": "KR5G5-100P-18"		}
,
		{
			"matrix": [
				-3.38142e-16,					-3.33067e-16,					-1,					0,
				5.49806e-15,					-1,					3.33067e-16,					0,
				-1,					-5.49806e-15,					3.38142e-16,					0,
				0.055,					0.2052,					-0.114,					1
			]
			,"name": "KR5G5-100P-20"		}
,
		{
			"matrix": [
				-2.01975e-16,					-3.33067e-16,					-1,					0,
				5.49806e-15,					-1,					3.33067e-16,					0,
				-1,					-5.49806e-15,					2.01975e-16,					0,
				-0.165,					0.2052,					-0.15925,					1
			]
			,"name": "KR5G5-100P-23"		}
,
		{
			"matrix": [
				-2.01975e-16,					-3.33067e-16,					-1,					0,
				5.49806e-15,					-1,					3.33067e-16,					0,
				-1,					-5.49806e-15,					2.01975e-16,					0,
				-0.055,					0.2052,					-0.15925,					1
			]
			,"name": "KR5G5-100P-24"		}
,
		{
			"matrix": [
				-2.01975e-16,					-3.33067e-16,					-1,					0,
				5.49806e-15,					-1,					3.33067e-16,					0,
				-1,					-5.49806e-15,					2.01975e-16,					0,
				0.165,					0.2052,					-0.15925,					1
			]
			,"name": "KR5G5-100P-26"		}
,
		{
			"matrix": [
				6.12323e-17,					1,					0,					0,
				-0.99949,					6.12011e-17,					0.0319414,					0,
				0.0319414,					-1.95585e-18,					0.99949,					0,
				0.3415,					0.11182,					-0.1245,					1
			]
			,"mesh": 11
			,"name": "socket countersunk head screw_iso-5"		}
,
		{
			"matrix": [
				6.12323e-17,					1,					7.01369e-32,					0,
				0.117508,					-7.19528e-18,					-0.993072,					0,
				-0.993072,					6.08081e-17,					-0.117508,					0,
				0.3415,					0.111822,					-0.152,					1
			]
			,"mesh": 12
			,"name": "socket countersunk head screw_am-27"		}
,
		{
			"matrix": [
				6.12323e-17,					1,					-1.45711e-32,					0,
				-0.677973,					4.15139e-17,					-0.735086,					0,
				-0.735086,					4.50111e-17,					0.677973,					0,
				-0.3415,					0.11182,					-0.1795,					1
			]
			,"mesh": 13
			,"name": "socket countersunk head screw_iso-6"		}
,
		{
			"matrix": [
				6.12323e-17,					0,					1,					0,
				0.0089737,					0.99996,					-5.49481e-19,					0,
				-0.99996,					0.0089737,					6.12299e-17,					0,
				-0.3425,					0.0575,					-0.19768,					1
			]
			,"mesh": 14
			,"name": "socket countersunk head screw_iso-41"		}
,
		{
			"matrix": [
				6.12323e-17,					0,					1,					0,
				0.0085026,					0.999964,					-5.20634e-19,					0,
				-0.999964,					0.0085026,					6.12301e-17,					0,
				0.3425,					0.0575,					-0.19768,					1
			]
			,"mesh": 15
			,"name": "socket countersunk head screw_iso-42"		}
,
		{
			"matrix": [
				-5.59255e-15,					1,					-7.21645e-15,					0,
				-0.0364576,					7.00776e-15,					0.999335,					0,
				0.999335,					5.85192e-15,					0.0364576,					0,
				0.01275,					0.17542,					-0.029,					1
			]
			,"mesh": 16
			,"name": "socket countersunk head screw_iso-51"		}
,
		{
			"matrix": [
				-5.59255e-15,					1,					-7.21645e-15,					0,
				-0.0242056,					7.04992e-15,					0.999707,					0,
				0.999707,					5.76796e-15,					0.0242056,					0,
				-0.01275,					0.17542,					-0.029,					1
			]
			,"mesh": 17
			,"name": "socket countersunk head screw_iso-53"		}
,
		{
			"matrix": [
				-5.59255e-15,					1,					-7.21645e-15,					0,
				-0.021978,					7.10543e-15,					0.999758,					0,
				0.999758,					5.75234e-15,					0.021978,					0,
				0.01275,					0.17542,					-0.0465,					1
			]
			,"mesh": 18
			,"name": "socket countersunk head screw_iso-52"		}
,
		{
			"matrix": [
				-5.59255e-15,					1,					-7.21645e-15,					0,
				-0.0197854,					7.10439e-15,					0.999804,					0,
				0.999804,					5.73423e-15,					0.0197854,					0,
				-0.01275,					0.17542,					-0.0465,					1
			]
			,"mesh": 19
			,"name": "socket countersunk head screw_iso-54"		}
,
		{
			"matrix": [
				2.83277e-16,					1,					9.54036e-17,					0,
				-0.999341,					2.86552e-16,					-0.036288,					0,
				-0.036288,					-8.50612e-17,					0.999341,					0,
				0.01275,					0.17432,					-0.0651394,					1
			]
			,"mesh": 20
			,"name": "socket countersunk head screw_iso-55"		}
,
		{
			"matrix": [
				2.83277e-16,					1,					9.54036e-17,					0,
				-0.999936,					2.82183e-16,					0.0112783,					0,
				0.0112783,					-9.85924e-17,					0.999936,					0,
				-0.01275,					0.17432,					-0.0651394,					1
			]
			,"mesh": 21
			,"name": "socket countersunk head screw_iso-56"		}
,
		{
			"matrix": [
				0.976762,					-1.57855e-16,					-0.214329,					0,
				0.214329,					-1.45719e-16,					0.976762,					0,
				-1.85418e-16,					-1,					-1.085e-16,					0,
				0.0993,					0.109,					-0.1351,					1
			]
			,"mesh": 22
			,"name": "hexagon thin nut gradeab_ks-1"		}
,
		{
			"matrix": [
				0.966121,					3.63942e-15,					-0.25809,					0,
				0.25809,					8.50748e-16,					0.966121,					0,
				3.73569e-15,					-1,					-1.17374e-16,					0,
				0.0993,					0.109,					-0.1251,					1
			]
			,"mesh": 23
			,"name": "hexagon thin nut gradeab_ks-2"		}
,
		{
			"matrix": [
				-1,					0,					0,					0,
				0,					1,					0,					0,
				0,					0,					-1,					0,
				0.3505,					0.1957,					-0.182,					1
			]
			,"mesh": 24
			,"name": "MirrorC-HCDG5-15-2"		}
,
		{
			"matrix": [
				7.70372e-34,					1,					-5.58292e-18,					0,
				-0.674907,					-4.11965e-18,					-0.737903,					0,
				-0.737903,					3.76795e-18,					0.674907,					0,
				-0.3425,					0.0463,					0.1212,					1
			]
			,"mesh": 25
			,"name": "socket head cap screw_iso-1"		}
,
		{
			"matrix": [
				-1.82e-32,					1,					-5.58292e-18,					0,
				-0.285292,					-5.35089e-18,					-0.958441,					0,
				-0.958441,					1.59276e-18,					0.285292,					0,
				-0.3425,					0.0463,					0.0212,					1
			]
			,"mesh": 26
			,"name": "socket head cap screw_iso-2"		}
,
		{
			"matrix": [
				0,					1,					0,					0,
				-0.999978,					0,					0.00657626,					0,
				0.00657626,					0,					0.999978,					0,
				0.3425,					0.0463,					0.1212,					1
			]
			,"mesh": 27
			,"name": "socket head cap screw_iso-3"		}
,
		{
			"matrix": [
				1,					0,					0,					0,
				0,					-1,					2.77556e-17,					0,
				0,					-2.77556e-17,					-1,					0,
				-0.3338,					0.1957,					-0.182,					1
			]
			,"mesh": 28
			,"name": "C형 5파이 축용 스냅링-1"		}
,
		{
			"matrix": [
				1,					0,					0,					0,
				0,					-1,					0,					0,
				0,					0,					-1,					0,
				0.3338,					0.1957,					-0.182,					1
			]
			,"mesh": 29
			,"name": "C형 5파이 축용 스냅링-2"		}
,
		{
			"matrix": [
				0,					1,					0,					0,
				0.974969,					0,					0.222339,					0,
				0.222339,					0,					-0.974969,					0,
				0.3425,					0.0463,					0.0212,					1
			]
			,"mesh": 30
			,"name": "socket head cap screw_iso-4"		}
,
		{
			"matrix": [
				-0.258819,					-0.965926,					-7.97166e-17,					0,
				-1.2326e-32,					-1.68043e-16,					1,					0,
				-0.965926,					0.258819,					3.80375e-17,					0,
				-0.0470025,					0.0187728,					-0.1945,					1
			]
			,"mesh": 31
			,"name": "Electrical outlet-1"		}
,
		{
			"matrix": [
				1.11022e-16,					1.38778e-17,					-1,					0,
				4.12611e-17,					-1,					-1.38778e-17,					0,
				-1,					-4.12611e-17,					-5.55112e-17,					0,
				-0.055,					0.112,					-0.13332,					1
			]
			,"name": "KR5G5-100P-39"		}
,
		{
			"matrix": [
				-6.58074e-17,					-3.33067e-16,					-1,					0,
				5.49806e-15,					-1,					3.33067e-16,					0,
				-1,					-5.49806e-15,					6.58074e-17,					0,
				0.165,					0.2052,					-0.064,					1
			]
			,"name": "KR5G5-100P-31"		}
,
		{
			"matrix": [
				1.11022e-16,					1.38778e-17,					-1,					0,
				4.12611e-17,					-1,					-1.38778e-17,					0,
				-1,					-4.12611e-17,					-5.55112e-17,					0,
				-0.165,					0.112,					-0.13332,					1
			]
			,"name": "KR5G5-100P-38"		}
,
		{
			"matrix": [
				0,					-6.77964e-32,					-1,					0,
				5.14855e-17,					-1,					8.32002e-32,					0,
				-1,					-5.14855e-17,					0,					0,
				0.165,					0.112,					-0.0833197,					1
			]
			,"name": "KR5G5-100P-46"		}
,
		{
			"matrix": [
				-6.58074e-17,					-3.33067e-16,					-1,					0,
				5.49806e-15,					-1,					3.33067e-16,					0,
				-1,					-5.49806e-15,					6.58074e-17,					0,
				-0.165,					0.2052,					-0.064,					1
			]
			,"name": "KR5G5-100P-28"		}
,
		{
			"matrix": [
				-6.58074e-17,					-3.33067e-16,					-1,					0,
				5.49806e-15,					-1,					3.33067e-16,					0,
				-1,					-5.49806e-15,					6.58074e-17,					0,
				0.055,					0.2052,					-0.064,					1
			]
			,"name": "KR5G5-100P-30"		}
,
		{
			"matrix": [
				-6.58074e-17,					-3.33067e-16,					-1,					0,
				5.49806e-15,					-1,					3.33067e-16,					0,
				-1,					-5.49806e-15,					6.58074e-17,					0,
				-0.055,					0.2052,					-0.064,					1
			]
			,"name": "KR5G5-100P-29"		}
,
		{
			"matrix": [
				1.11022e-16,					1.38778e-17,					-1,					0,
				4.12611e-17,					-1,					-1.38778e-17,					0,
				-1,					-4.12611e-17,					-5.55112e-17,					0,
				0.165,					0.112,					-0.13332,					1
			]
			,"name": "KR5G5-100P-41"		}
,
		{
			"matrix": [
				1.11022e-16,					1.38778e-17,					-1,					0,
				4.12611e-17,					-1,					-1.38778e-17,					0,
				-1,					-4.12611e-17,					-5.55112e-17,					0,
				0.275,					0.112,					-0.13332,					1
			]
			,"name": "KR5G5-100P-42"		}
,
		{
			"matrix": [
				0,					-6.77964e-32,					-1,					0,
				5.14855e-17,					-1,					8.32002e-32,					0,
				-1,					-5.14855e-17,					0,					0,
				-0.055,					0.112,					-0.0833197,					1
			]
			,"name": "KR5G5-100P-44"		}
,
		{
			"matrix": [
				-6.58074e-17,					-3.33067e-16,					-1,					0,
				5.49806e-15,					-1,					3.33067e-16,					0,
				-1,					-5.49806e-15,					6.58074e-17,					0,
				0.275,					0.2052,					-0.064,					1
			]
			,"name": "KR5G5-100P-32"		}
,
		{
			"matrix": [
				0,					-6.77964e-32,					-1,					0,
				5.14855e-17,					-1,					8.32002e-32,					0,
				-1,					-5.14855e-17,					0,					0,
				0.055,					0.112,					-0.0833197,					1
			]
			,"name": "KR5G5-100P-45"		}
,
		{
			"matrix": [
				-2.01975e-16,					-3.33067e-16,					-1,					0,
				5.49806e-15,					-1,					3.33067e-16,					0,
				-1,					-5.49806e-15,					2.01975e-16,					0,
				0.275,					0.2052,					-0.15925,					1
			]
			,"name": "KR5G5-100P-27"		}
,
		{
			"matrix": [
				1.11022e-16,					1.38778e-17,					-1,					0,
				4.12611e-17,					-1,					-1.38778e-17,					0,
				-1,					-4.12611e-17,					-5.55112e-17,					0,
				0.055,					0.112,					-0.13332,					1
			]
			,"name": "KR5G5-100P-40"		}
,
		{
			"matrix": [
				0,					-6.77964e-32,					-1,					0,
				5.14855e-17,					-1,					8.32002e-32,					0,
				-1,					-5.14855e-17,					0,					0,
				-0.165,					0.112,					-0.0833197,					1
			]
			,"name": "KR5G5-100P-43"		}
,
		{
			"matrix": [
				6.12323e-17,					1,					0,					0,
				-0.999995,					6.1232e-17,					0.00307999,					0,
				0.00307999,					-1.88595e-19,					0.999995,					0,
				0.175,					0.10882,					-0.0429829,					1
			]
			,"mesh": 32
			,"name": "socket countersunk head screw_iso-37"		}
,
		{
			"matrix": [
				6.12323e-17,					0,					-1,					0,
				-0.00593589,					0.999982,					-3.63468e-19,					0,
				0.999982,					0.00593589,					6.12313e-17,					0,
				-0.18,					0.091,					-0.19112,					1
			]
			,"mesh": 33
			,"name": "socket countersunk head screw_iso-24"		}
,
		{
			"matrix": [
				6.12323e-17,					1,					0,					0,
				-0.999898,					6.12261e-17,					-0.0142754,					0,
				-0.0142754,					8.74116e-19,					0.999898,					0,
				0.155,					0.10882,					-0.172983,					1
			]
			,"mesh": 34
			,"name": "socket countersunk head screw_iso-40"		}
,
		{
			"matrix": [
				6.12323e-17,					1,					0,					0,
				-0.999997,					6.12322e-17,					0.00234693,					0,
				0.00234693,					-1.43708e-19,					0.999997,					0,
				0.3425,					-0.00018,					-0.1792,					1
			]
			,"mesh": 35
			,"name": "socket countersunk head screw_iso-45"		}
,
		{
			"matrix": [
				6.12323e-17,					-1,					-4.60372e-33,					0,
				0.996128,					6.09952e-17,					0.087918,					0,
				-0.087918,					-5.38343e-18,					0.996128,					0,
				0.3425,					0.115121,					-0.104999,					1
			]
			,"mesh": 36
			,"name": "socket countersunk head screw_am-1"		}
,
		{
			"matrix": [
				6.12323e-17,					1,					0,					0,
				-0.999503,					6.12019e-17,					0.0315184,					0,
				0.0315184,					-1.92994e-18,					0.999503,					0,
				0.3425,					-0.00018,					0.1792,					1
			]
			,"mesh": 37
			,"name": "socket countersunk head screw_iso-44"		}
,
		{
			"matrix": [
				6.1149e-17,					0.995275,					0.0971,					0,
				-0.996434,					0.00819343,					-0.0839827,					0,
				-0.0843814,					-0.0967537,					0.991725,					0,
				-0.175,					0.0429542,					0.154824,					1
			]
			,"mesh": 38
			,"name": "socket countersunk head screw_iso-32"		}
,
		{
			"matrix": [
				6.12323e-17,					1,					0,					0,
				-0.999558,					6.12053e-17,					-0.0297146,					0,
				-0.0297146,					1.8195e-18,					0.999558,					0,
				-0.3425,					-0.00018,					-0.1792,					1
			]
			,"mesh": 39
			,"name": "socket countersunk head screw_iso-43"		}
,
		{
			"matrix": [
				6.12323e-17,					1,					0,					0,
				-0.999769,					6.12182e-17,					0.021509,					0,
				0.021509,					-1.31704e-18,					0.999769,					0,
				-0.155,					0.10882,					-0.0429829,					1
			]
			,"mesh": 40
			,"name": "socket countersunk head screw_iso-28"		}
,
		{
			"matrix": [
				6.1149e-17,					0.995275,					0.0971,					0,
				-0.997263,					0.00717942,					-0.0735891,					0,
				-0.0739384,					-0.0968342,					0.99255,					0,
				-0.155,					0.0555772,					0.025438,					1
			]
			,"mesh": 41
			,"name": "socket countersunk head screw_iso-29"		}
,
		{
			"matrix": [
				6.12323e-17,					1,					0,					0,
				-0.999968,					6.12304e-17,					-0.00805371,					0,
				-0.00805371,					4.93148e-19,					0.999968,					0,
				-0.175,					0.10882,					-0.172983,					1
			]
			,"mesh": 42
			,"name": "socket countersunk head screw_iso-26"		}
,
		{
			"matrix": [
				6.12323e-17,					1,					0,					0,
				-0.999876,					6.12247e-17,					0.0157778,					0,
				0.0157778,					-9.66113e-19,					0.999876,					0,
				-0.175,					0.10882,					-0.0429829,					1
			]
			,"mesh": 43
			,"name": "socket countersunk head screw_iso-27"		}
,
		{
			"matrix": [
				6.1149e-17,					0.995275,					0.0971,					0,
				-0.997117,					0.00736844,					-0.0755266,					0,
				-0.0758851,					-0.09682,					0.992405,					0,
				-0.175,					0.0555772,					0.025438,					1
			]
			,"mesh": 44
			,"name": "socket countersunk head screw_iso-30"		}
,
		{
			"matrix": [
				6.1149e-17,					0.995275,					0.0971,					0,
				-0.996592,					0.00800971,					-0.0820995,					0,
				-0.0824893,					-0.096769,					0.991883,					0,
				-0.155,					0.0429542,					0.154824,					1
			]
			,"mesh": 45
			,"name": "socket countersunk head screw_iso-31"		}
,
		{
			"matrix": [
				6.07153e-17,					0.995275,					0.0971,					0,
				-0.996395,					0.00823783,					-0.0844377,					0,
				-0.0848386,					-0.0967499,					0.991686,					0,
				0.175,					0.0429542,					0.154824,					1
			]
			,"mesh": 46
			,"name": "socket countersunk head screw_iso-33"		}
,
		{
			"matrix": [
				6.09322e-17,					0.995275,					0.0971,					0,
				-0.996485,					0.00813445,					-0.0833781,					0,
				-0.083774,					-0.0967586,					0.991776,					0,
				0.155,					0.0429542,					0.154824,					1
			]
			,"mesh": 47
			,"name": "socket countersunk head screw_iso-34"		}
,
		{
			"matrix": [
				6.13658e-17,					0.995275,					0.0971,					0,
				-0.99502,					0.009678,					-0.0991995,					0,
				-0.0996705,					-0.0966165,					0.990319,					0,
				0.175,					0.0555772,					0.025438,					1
			]
			,"mesh": 48
			,"name": "socket countersunk head screw_iso-35"		}
,
		{
			"matrix": [
				6.12303e-17,					0.995275,					0.0971,					0,
				-0.995064,					0.00963584,					-0.0987674,					0,
				-0.0992363,					-0.0966207,					0.990362,					0,
				0.155,					0.0555772,					0.025438,					1
			]
			,"mesh": 49
			,"name": "socket countersunk head screw_iso-36"		}
,
		{
			"matrix": [
				6.12323e-17,					1,					0,					0,
				-0.99992,					6.12274e-17,					-0.012682,					0,
				-0.012682,					7.76549e-19,					0.99992,					0,
				-0.155,					0.10882,					-0.172983,					1
			]
			,"mesh": 50
			,"name": "socket countersunk head screw_iso-25"		}
,
		{
			"matrix": [
				6.12323e-17,					1,					0,					0,
				-0.999999,					6.12323e-17,					0.00133234,					0,
				0.00133234,					-8.15822e-20,					0.999999,					0,
				0.155,					0.10882,					-0.0429829,					1
			]
			,"mesh": 51
			,"name": "socket countersunk head screw_iso-38"		}
,
		{
			"matrix": [
				6.12323e-17,					1,					4.81482e-35,					0,
				-0.99999,					6.12317e-17,					-0.00439669,					0,
				-0.00439669,					2.6922e-19,					0.99999,					0,
				0.175,					0.10882,					-0.172983,					1
			]
			,"mesh": 52
			,"name": "socket countersunk head screw_iso-39"		}
,
		{
			"matrix": [
				6.12323e-17,					1,					0,					0,
				-0.999999,					6.12323e-17,					-0.00121703,					0,
				-0.00121703,					7.45216e-20,					0.999999,					0,
				-0.3425,					-0.00018,					0.1792,					1
			]
			,"mesh": 53
			,"name": "socket countersunk head screw_iso-46"		}
,
		{
			"matrix": [
				6.12323e-17,					-1,					5.07507e-32,					0,
				0.533395,					3.2661e-17,					0.845867,					0,
				-0.845867,					-5.17944e-17,					0.533395,					0,
				-0.3425,					0.11564,					-0.104999,					1
			]
			,"mesh": 54
			,"name": "socket countersunk head screw_am-4"		}
,
		{
			"matrix": [
				6.12323e-17,					-1,					1.01039e-32,					0,
				0.778946,					4.76967e-17,					0.627091,					0,
				-0.627091,					-3.83983e-17,					0.778946,					0,
				-0.3425,					0.115222,					-0.0549995,					1
			]
			,"mesh": 55
			,"name": "socket countersunk head screw_am-5"		}
,
		{
			"matrix": [
				6.12323e-17,					-1,					8.00625e-32,					0,
				0.530383,					3.24766e-17,					0.847758,					0,
				-0.847758,					-5.19102e-17,					0.530383,					0,
				-0.3425,					0.114683,					-0.0799995,					1
			]
			,"mesh": 56
			,"name": "socket countersunk head screw_am-2"		}
,
		{
			"matrix": [
				6.12323e-17,					-4.23705e-33,					1,					0,
				0.388171,					0.921588,					-2.37686e-17,					0,
				-0.921588,					0.388171,					5.6431e-17,					0,
				0.3425,					0.0175,					-0.198127,					1
			]
			,"mesh": 57
			,"name": "socket countersunk head screw_am-12"		}
,
		{
			"matrix": [
				6.12323e-17,					-1,					7.92129e-32,					0,
				-0.438508,					-2.68509e-17,					0.898727,					0,
				-0.898727,					-5.50312e-17,					-0.438508,					0,
				0.3425,					0.11474,					-0.0799995,					1
			]
			,"mesh": 58
			,"name": "socket countersunk head screw_am-16"		}
,
		{
			"matrix": [
				6.12323e-17,					5.66223e-32,					1,					0,
				-0.707947,					0.706265,					4.33493e-17,					0,
				-0.706265,					-0.707947,					4.32463e-17,					0,
				-0.3425,					0.0975,					-0.198591,					1
			]
			,"mesh": 59
			,"name": "socket countersunk head screw_am-8"		}
,
		{
			"matrix": [
				6.12323e-17,					-1,					4.54989e-32,					0,
				-0.203603,					-1.24671e-17,					0.979053,					0,
				-0.979053,					-5.99497e-17,					-0.203603,					0,
				0.3425,					0.114832,					-0.0549995,					1
			]
			,"mesh": 60
			,"name": "socket countersunk head screw_am-10"		}
,
		{
			"matrix": [
				6.12323e-17,					1,					1.08768e-31,					0,
				-0.958113,					5.86675e-17,					-0.28639,					0,
				-0.28639,					1.75363e-17,					0.958113,					0,
				-0.3415,					0.11213,					-0.1245,					1
			]
			,"mesh": 61
			,"name": "socket countersunk head screw_am-24"		}
,
		{
			"matrix": [
				-7.89103e-34,					1,					-6.04952e-34,					0,
				-0.99974,					-8.02698e-34,					-0.0228134,					0,
				-0.0228134,					5.86792e-34,					0.99974,					0,
				0.3415,					0.112019,					-0.1795,					1
			]
			,"mesh": 62
			,"name": "socket countersunk head screw_am-26"		}
,
		{
			"matrix": [
				6.12323e-17,					-1.07852e-32,					1,					0,
				-0.826858,					0.562411,					5.06304e-17,					0,
				-0.562411,					-0.826858,					3.44377e-17,					0,
				-0.3425,					0.0175,					-0.197441,					1
			]
			,"mesh": 63
			,"name": "socket countersunk head screw_am-9"		}
,
		{
			"matrix": [
				6.12323e-17,					-7.91076e-32,					1,					0,
				0.953583,					0.301129,					-5.83901e-17,					0,
				-0.301129,					0.953583,					1.84389e-17,					0,
				0.3425,					0.0975,					-0.197217,					1
			]
			,"mesh": 64
			,"name": "socket countersunk head screw_am-11"		}
,
		{
			"matrix": [
				6.12323e-17,					1,					1.83257e-32,					0,
				-0.776752,					4.75623e-17,					-0.629807,					0,
				-0.629807,					3.85645e-17,					0.776752,					0,
				-0.3415,					0.111437,					-0.152,					1
			]
			,"mesh": 65
			,"name": "socket countersunk head screw_am-25"		}
,
		{
			"matrix": [
				6.12323e-17,					-2.16667e-32,					-1,					0,
				0.980604,					-0.196,					6.00447e-17,					0,
				-0.196,					-0.980604,					-1.20015e-17,					0,
				0.3425,					0.0127784,					0.197539,					1
			]
			,"mesh": 66
			,"name": "socket countersunk head screw_am-14"		}
,
		{
			"matrix": [
				6.12323e-17,					5.20001e-32,					-1,					0,
				-0.633532,					0.773716,					-3.87927e-17,					0,
				0.773716,					0.633532,					4.73764e-17,					0,
				-0.3425,					0.0327784,					0.199215,					1
			]
			,"mesh": 67
			,"name": "socket countersunk head screw_am-6"		}
,
		{
			"matrix": [
				6.12323e-17,					-7.70372e-32,					-1,					0,
				0.997012,					-0.07725,					6.10494e-17,					0,
				-0.07725,					-0.997012,					-4.7302e-18,					0,
				-0.3425,					0.0127784,					0.197928,					1
			]
			,"mesh": 68
			,"name": "socket countersunk head screw_am-7"		}
,
		{
			"matrix": [
				6.12323e-17,					3.23556e-32,					-1,					0,
				0.0800841,					0.996788,					4.90374e-18,					0,
				0.996788,					-0.0800841,					6.10357e-17,					0,
				0.3425,					0.0327784,					0.197756,					1
			]
			,"mesh": 69
			,"name": "socket countersunk head screw_am-13"		}
,
		{
			"children": [
				125, 126, 127, 128, 129, 130
			]
			,"matrix": [
				1,					-2.74445e-15,					1.69467e-15,					0,
				-1.69467e-15,					2.77556e-16,					1,					0,
				-2.74445e-15,					-1,					2.77556e-16,					0,
				7.72634e-16,					0.1713,					-0.0951394,					1
			]
			,"name": "BY10-11(2)-1"		}
,
		{
			"mesh": 70
			,"name": "MSBR-3-1"		}
,
		{
			"mesh": 71
			,"name": "MSBR-1-1"		}
,
		{
			"mesh": 72
			,"name": "MSBR-4-1"		}
,
		{
			"mesh": 73
			,"name": "MSBR-7-1"		}
,
		{
			"mesh": 74
			,"name": "MSBR-5-1"		}
,
		{
			"mesh": 75
			,"name": "MSBR-2-1"		}
,
		{
			"children": [
				132
			]
			,"matrix": [
				-0.625547,					-0.0371432,					0.779301,					0,
				0.0130584,					-0.999225,					-0.0371432,					0,
				0.780077,					-0.0130584,					0.625547,					0,
				-0.0142695,					0.184238,					-0.0458031,					1
			]
			,"name": "byodd30-s_asm-1"		}
,
		{
			"children": [
				133, 134, 135
			]
			,"matrix": [
				0.779301,					-0.0371432,					0.625547,					0,
				0.0371432,					0.999225,					0.0130584,					0,
				-0.625547,					0.0130584,					0.780077,					0,
				-0.00258592,					0.00162378,					0.0161916,					1
			]
			,"name": "byodd30-s_asm(2)-2"		}
,
		{
			"matrix": [
				1,					0,					0,					0,
				0,					1,					0,					0,
				0,					0,					1,					0,
				-0.0059,					-0.0034,					5.3765e-16,					1
			]
			,"mesh": 76
			,"name": "파트6-1"		}
,
		{
			"mesh": 77
			,"name": "BYODD30-S-HANDLE-1"		}
,
		{
			"matrix": [
				-1.66533e-16,					1.56125e-17,					-1,					0,
				3.64292e-17,					1,					1.56125e-17,					0,
				1,					-3.64292e-17,					-1.66533e-16,					0,
				0,					-0.0044,					6.8695e-20,					1
			]
			,"mesh": 78
			,"name": "BYODD30-S-BODY-1"		}
,
		{
			"matrix": [
				-2.77556e-17,					-0.251634,					-0.967823,					0,
				1,					5.61977e-17,					-4.32898e-17,					0,
				6.52826e-17,					-0.967823,					0.251634,					0,
				-0.345,					0.0433,					-0.0352,					1
			]
			,"mesh": 79
			,"name": "6.35mm 패널마운트-3"		}
,
		{
			"matrix": [
				1,					0,					0,					0,
				0,					1,					0,					0,
				0,					0,					1,					0,
				1.4962e-16,					0.1633,					-0.0918894,					1
			]
			,"mesh": 80
			,"name": "R02_Support Block3-1"		}
,
		{
			"matrix": [
				1,					0,					0,					0,
				0,					1,					0,					0,
				0,					0,					1,					0,
				-0.3415,					0.115,					-0.137,					1
			]
			,"mesh": 81
			,"name": "R02_Support Block2-1"		}
,
		{
			"matrix": [
				1,					0,					0,					0,
				0,					1,					0,					0,
				0,					0,					1,					0,
				-0.0615,					0.0675,					-0.1945,					1
			]
			,"mesh": 82
			,"name": "VDL Bracket-1"		}
,
		{
			"matrix": [
				-1,					-8.85793e-17,					8.32667e-17,					0,
				-4.72894e-18,					-0.656059,					-0.75471,					0,
				1.2148e-16,					-0.75471,					0.656059,					0,
				-0.334,					0.124359,					-0.177248,					1
			]
			,"mesh": 83
			,"name": "by4-bk-16s-1"		}
,
		{
			"matrix": [
				-3.38358e-18,					-0.251634,					-0.967823,					0,
				1,					-6.41824e-17,					1.31914e-17,					0,
				-6.54366e-17,					-0.967823,					0.251634,					0,
				-0.345,					0.0433,					-0.0752,					1
			]
			,"mesh": 84
			,"name": "6.35mm 패널마운트-1"		}
,
		{
			"matrix": [
				1,					-3.9631e-19,					-5.56089e-17,					0,
				-5.53076e-17,					0.0971,					-0.995275,					0,
				5.79406e-18,					0.995275,					0.0971,					0,
				-0.085,					0.0546805,					0.0982745,					1
			]
			,"name": "Boss - GE-7_EQ-1"		}
,
		{
			"matrix": [
				-1,					-5.71441e-15,					-1.13899e-17,					0,
				-5.71441e-15,					1,					1.11022e-16,					0,
				1.13899e-17,					1.11022e-16,					-1,					0,
				5.08729e-17,					0.1869,					-0.0995,					1
			]
			,"mesh": 85
			,"name": "R03_Frame2-1"		}
,
		{
			"children": [
				145, 146
			]
			,"matrix": [
				4.49357e-28,					0.424594,					0.905384,					0,
				1,					3.83231e-16,					-1.79722e-16,					0,
				-4.2328e-16,					0.905384,					-0.424594,					0,
				-0.32335,					0.140243,					-0.143378,					1
			]
			,"name": "쇼바-1"		}
,
		{
			"matrix": [
				1,					8.62905e-17,					-1.11022e-16,					0,
				8.62905e-17,					-1,					2.37436e-16,					0,
				-1.11022e-16,					-2.37436e-16,					-1,					0,
				0.0635895,					1.47965e-11,					-1.37067e-11,					1
			]
			,"mesh": 86
			,"name": "로드-1"		}
,
		{
			"mesh": 87
			,"name": "BY4-235 피스톤-1"		}
,
		{
			"matrix": [
				-1,					-4.15552e-17,					-3.15349e-17,					0,
				4.15552e-17,					-1,					1.11022e-16,					0,
				-3.15349e-17,					1.11022e-16,					1,					0,
				-3.51032e-17,					0.2023,					-0.03775,					1
			]
			,"mesh": 88
			,"name": "Slide Support-1"		}
,
		{
			"matrix": [
				-1,					-5.71441e-15,					2.92271e-15,					0,
