{
  "asset": {
    "generator": "SOLIDWORKSGLTF",
    "version": "2.0"
  },
  "extensionsUsed": [
    "KHR_lights_punctual",
    "Solidworks_custom_properties",
    "KHR_draco_mesh_compression"
  ],
  "extensionsRequired": ["KHR_draco_mesh_compression"],
  "scene": 0,
  "scenes": [
    {
      "name": "기본 - 표시 상태-1",
      "nodes": [0, 1]
    }
  ],
  "nodes": [
    {
      "matrix": [
        0.707107, 0, -0.707107, 0, -0.408204, 0.816541, -0.408204, 0, 0.577382,
        0.577288, 0.577382, 0, 4.04111, 4.23674, 4.21327, 1
      ],
      "camera": 0,
      "name": "current"
    },
    {
      "children": [
        2, 3, 4, 5, 6, 7, 8, 9, 10, 11, 12, 13, 14, 15, 16, 17, 18, 19, 20, 21,
        22, 23, 24, 25, 26, 27, 28, 29, 30, 31, 32, 33, 34, 35, 36, 37, 38, 39,
        40, 41, 42, 43, 44, 45, 46, 47, 48, 49, 50, 51, 52, 53, 54, 55, 56, 57,
        58, 59, 60, 61, 62, 63, 64, 65, 66, 67, 68, 69, 70, 71, 72, 73, 74, 75,
        76, 77, 78, 79, 80, 81, 82, 83, 84, 85, 86, 87, 88, 89, 90, 91, 92, 93,
        94, 95, 96, 97, 98, 99, 100, 101, 102, 103, 104, 105, 112, 115, 116,
        117, 118, 119, 120, 121, 122, 123, 124, 125, 126, 127, 128, 129, 130,
        131, 132, 133, 134, 135, 136, 137, 138, 139, 140, 141, 142, 143, 144,
        145, 146, 147, 148, 149, 150, 151, 152, 153, 154, 155, 156, 157, 158,
        159, 160, 161, 162, 163, 164, 165, 166, 167, 168, 169, 170, 171, 172,
        173, 174, 175, 176, 177, 178, 179, 180, 181, 182, 183, 184, 185, 186,
        187, 188, 189, 190, 191, 192, 197, 198, 199, 200, 201, 202, 203, 204,
        205, 206, 207, 208, 209, 210, 211, 212
      ],
      "name": "Pedal Board ASS'Y"
    },
    {
      "matrix": [
        -4.93038e-32, -5.55112e-17, 1, 0, 0.968493, 0.24904, 1.38245e-17, 0,
        -0.24904, 0.968493, 5.37622e-17, 0, 0.3415, 0.176, -0.196, 1
      ],
      "mesh": 0,
      "name": "socket head cap screw_ks-21"
    },
    {
      "matrix": [
        -1, -1.28365e-16, 4.01458e-16, 0, 4.20053e-16, -0.381849, 0.924225, 0,
        3.46585e-17, 0.924225, 0.381849, 0, 0.348, 0.0292956, -0.0813747, 1
      ],
      "mesh": 1,
      "name": "socket head cap screw_ks-38"
    },
    {
      "matrix": [
        2.61926e-32, -5.55112e-17, 1, 0, 0.923525, -0.383538, -2.12906e-17, 0,
        0.383538, 0.923525, 5.12659e-17, 0, 0.3415, 0.16, -0.196, 1
      ],
      "mesh": 2,
      "name": "socket head cap screw_ks-22"
    },
    {
      "matrix": [
        6.16298e-33, -5.55112e-17, 1, 0, 5.55112e-17, 1, 5.55112e-17, 0, -1,
        5.55112e-17, 9.24446e-33, 0, -0.3415, 0.176, -0.196, 1
      ],
      "mesh": 3,
      "name": "socket head cap screw_ks-27"
    },
    {
      "matrix": [
        0, 1, 0, 0, -0.713492, 0, 0.700664, 0, 0.700664, 0, 0.713492, 0,
        -0.0993, 0.1035, -0.1351, 1
      ],
      "name": "socket head cap screw_ks-30"
    },
    {
      "matrix": [
        0, 0, -1, 0, -0.511559, -0.859248, 0, 0, -0.859248, 0.511559, 0, 0,
        0.1068, 0.0955, -0.189, 1
      ],
      "name": "socket head cap screw_ks-17"
    },
    {
      "matrix": [
        1, 0, 0, 0, 0, 1, 0, 0, 0, 0, 1, 0, -0.348, 0.0340767, -0.0629861, 1
      ],
      "mesh": 4,
      "name": "socket head cap screw_ks-35"
    },
    {
      "matrix": [
        8.31156e-18, 4.08199e-16, -1, 0, 0.117276, -0.993099, -4.04407e-16, 0,
        -0.993099, -0.117276, -5.61263e-17, 0, -0.0968, 0.0955, -0.189, 1
      ],
      "name": "socket head cap screw_ks-19"
    },
    {
      "matrix": [
        0, 0, -1, 0, 0.622336, -0.78275, 0, 0, -0.78275, -0.622336, 0, 0,
        -0.1068, 0.0955, -0.189, 1
      ],
      "name": "socket head cap screw_ks-20"
    },
    {
      "matrix": [
        -1, -1.28365e-16, 4.01458e-16, 0, 4.20053e-16, -0.381849, 0.924225, 0,
        3.46585e-17, 0.924225, 0.381849, 0, 0.348, 0.0573044, -0.0690253, 1
      ],
      "mesh": 5,
      "name": "socket head cap screw_ks-36"
    },
    {
      "matrix": [
        -3.73569e-15, 1, 1.17374e-16, 0, -1, -3.73569e-15, 1.11022e-16, 0,
        1.11022e-16, -1.17374e-16, 1, 0, 0.0993, 0.1035, -0.1251, 1
      ],
      "name": "socket head cap screw_ks-33"
    },
    {
      "matrix": [
        1, 0, 0, 0, 0, 1, 0, 0, 0, 0, 1, 0, -0.348, 0.0525233, -0.0874139, 1
      ],
      "mesh": 6,
      "name": "socket head cap screw_ks-34"
    },
    {
      "matrix": [
        -2.74445e-15, -1, 6.10623e-16, 0, 1, -2.74445e-15, 1.04754e-15, 0,
        -1.04754e-15, 6.10623e-16, 1, 0, -0.025, 0.1688, -0.0881394, 1
      ],
      "mesh": 7,
      "name": "socket head cap screw_ks-5"
    },
    {
      "matrix": [
        0, 1, 0, 0, -0.886827, 0, -0.462101, 0, -0.462101, 0, 0.886827, 0,
        -0.0993, 0.1035, -0.1251, 1
      ],
      "name": "socket head cap screw_ks-29"
    },
    {
      "matrix": [
        -5.94758e-15, 1, -2.70617e-16, 0, -0.141485, -5.74811e-16, 0.98994, 0,
        0.98994, 5.91705e-15, 0.141485, 0, 0.0225, 0.1983, -0.095135, 1
      ],
      "mesh": 8,
      "name": "socket head cap screw_ks-6"
    },
    {
      "matrix": [
        6.16298e-33, -5.55112e-17, 1, 0, 5.55112e-17, 1, 5.55112e-17, 0, -1,
        5.55112e-17, 9.24446e-33, 0, -0.3415, 0.16, -0.196, 1
      ],
      "mesh": 9,
      "name": "socket head cap screw_ks-25"
    },
    {
      "matrix": [
        -5.94758e-15, 1, -2.22045e-16, 0, -0.983876, -5.81197e-15, 0.178852, 0,
        0.178852, 1.2822e-15, 0.983876, 0, -0.0225, 0.1983, -0.095135, 1
      ],
      "mesh": 10,
      "name": "socket head cap screw_ks-8"
    },
    {
      "matrix": [
        -2.74445e-15, -1, 6.10623e-16, 0, 1, -2.74445e-15, 1.04754e-15, 0,
        -1.04754e-15, 6.10623e-16, 1, 0, 0.025, 0.1688, -0.0881394, 1
      ],
      "mesh": 11,
      "name": "socket head cap screw_ks-2"
    },
    {
      "matrix": [
        -2.74445e-15, -1, 3.88578e-16, 0, 1, -2.74445e-15, 1.01979e-15, 0,
        -1.01979e-15, 3.88578e-16, 1, 0, -0.025, 0.1688, -0.102139, 1
      ],
      "mesh": 12,
      "name": "socket head cap screw_ks-4"
    },
    {
      "matrix": [
        -1.11022e-16, -1.20544e-17, -1, 0, 1.20544e-17, 1, -1.20544e-17, 0, 1,
        -1.20544e-17, -1.11022e-16, 0, 0.0968, 0.0955, -0.189, 1
      ],
      "name": "socket head cap screw_ks-18"
    },
    {
      "matrix": [
        6.12323e-17, 1, 9.07924e-32, 0, -0.473761, 2.90095e-17, -0.880653, 0,
        -0.880653, 5.39245e-17, 0.473761, 0, 0.0497, 0.111377, -0.0988894, 1
      ],
      "mesh": 13,
      "name": "socket countersunk head screw_am-34"
    },
    {
      "matrix": [
        -2.74445e-15, -1, 6.10623e-16, 0, 1, -2.74445e-15, 1.04754e-15, 0,
        -1.04754e-15, 6.10623e-16, 1, 0, 0.025, 0.1688, -0.102139, 1
      ],
      "mesh": 14,
      "name": "socket head cap screw_ks-3"
    },
    {
      "matrix": [
        6.12323e-17, 1, -9.19834e-32, 0, 0.817542, -5.006e-17, 0.575869, 0,
        0.575869, -3.52618e-17, -0.817542, 0, 0.0497, 0.111742, -0.0848894, 1
      ],
      "name": "socket countersunk head screw_am-32"
    },
    {
      "matrix": [
        1.85418e-16, 1, 1.085e-16, 0, 0.699824, -2.07263e-16, 0.714315, 0,
        0.714315, -5.65163e-17, -0.699824, 0, 0.0993, 0.1035, -0.1351, 1
      ],
      "name": "socket head cap screw_ks-28"
    },
    {
      "matrix": [
        -4.32676e-16, -3.33067e-16, -1, 0, 5.49806e-15, -1, 3.33067e-16, 0, -1,
        -5.49806e-15, 4.32676e-16, 0, -0.055, 0.2052, -0.15925, 1
      ],
      "name": "KR5G5-100P-14"
    },
    {
      "matrix": [
        -6.58074e-17, -3.33067e-16, -1, 0, 5.49806e-15, -1, 3.33067e-16, 0, -1,
        -5.49806e-15, 6.58074e-17, 0, 0.055, 0.2052, -0.064, 1
      ],
      "name": "KR5G5-100P-30"
    },
    {
      "matrix": [
        -3.38142e-16, -3.33067e-16, -1, 0, 5.49806e-15, -1, 3.33067e-16, 0, -1,
        -5.49806e-15, 3.38142e-16, 0, 0.055, 0.2052, -0.114, 1
      ],
      "name": "KR5G5-100P-20"
    },
    {
      "matrix": [
        -4.32676e-16, -3.33067e-16, -1, 0, 5.49806e-15, -1, 3.33067e-16, 0, -1,
        -5.49806e-15, 4.32676e-16, 0, 0.055, 0.2052, -0.15925, 1
      ],
      "name": "KR5G5-100P-15"
    },
    {
      "matrix": [
        -2.01975e-16, -3.33067e-16, -1, 0, 5.49806e-15, -1, 3.33067e-16, 0, -1,
        -5.49806e-15, 2.01975e-16, 0, 0.055, 0.2052, -0.15925, 1
      ],
      "name": "KR5G5-100P-25"
    },
    {
      "matrix": [
        -6.58074e-17, -3.33067e-16, -1, 0, 5.49806e-15, -1, 3.33067e-16, 0, -1,
        -5.49806e-15, 6.58074e-17, 0, 0.165, 0.2052, -0.064, 1
      ],
      "name": "KR5G5-100P-31"
    },
    {
      "matrix": [
        1.11022e-16, 1.38778e-17, -1, 0, 4.12611e-17, -1, -1.38778e-17, 0, -1,
        -4.12611e-17, -5.55112e-17, 0, 0.055, 0.112, -0.13332, 1
      ],
      "name": "KR5G5-100P-40"
    },
    {
      "matrix": [
        -3.38142e-16, -3.33067e-16, -1, 0, 5.49806e-15, -1, 3.33067e-16, 0, -1,
        -5.49806e-15, 3.38142e-16, 0, 0.165, 0.2052, -0.114, 1
      ],
      "name": "KR5G5-100P-21"
    },
    {
      "matrix": [
        -3.38142e-16, -3.33067e-16, -1, 0, 5.49806e-15, -1, 3.33067e-16, 0, -1,
        -5.49806e-15, 3.38142e-16, 0, 0.275, 0.2052, -0.114, 1
      ],
      "name": "KR5G5-100P-22"
    },
    {
      "matrix": [
        -2.01975e-16, -3.33067e-16, -1, 0, 5.49806e-15, -1, 3.33067e-16, 0, -1,
        -5.49806e-15, 2.01975e-16, 0, 0.165, 0.2052, -0.15925, 1
      ],
      "name": "KR5G5-100P-26"
    },
    {
      "matrix": [
        -4.32676e-16, -3.33067e-16, -1, 0, 5.49806e-15, -1, 3.33067e-16, 0, -1,
        -5.49806e-15, 4.32676e-16, 0, 0.165, 0.2052, -0.15925, 1
      ],
      "name": "KR5G5-100P-16"
    },
    {
      "matrix": [
        -3.38142e-16, -3.33067e-16, -1, 0, 5.49806e-15, -1, 3.33067e-16, 0, -1,
        -5.49806e-15, 3.38142e-16, 0, -0.055, 0.2052, -0.114, 1
      ],
      "name": "KR5G5-100P-19"
    },
    {
      "matrix": [
        -6.58074e-17, -3.33067e-16, -1, 0, 5.49806e-15, -1, 3.33067e-16, 0, -1,
        -5.49806e-15, 6.58074e-17, 0, -0.165, 0.2052, -0.064, 1
      ],
      "name": "KR5G5-100P-28"
    },
    {
      "matrix": [
        -2.01975e-16, -3.33067e-16, -1, 0, 5.49806e-15, -1, 3.33067e-16, 0, -1,
        -5.49806e-15, 2.01975e-16, 0, -0.165, 0.2052, -0.15925, 1
      ],
      "name": "KR5G5-100P-23"
    },
    {
      "matrix": [
        -6.58074e-17, -3.33067e-16, -1, 0, 5.49806e-15, -1, 3.33067e-16, 0, -1,
        -5.49806e-15, 6.58074e-17, 0, -0.055, 0.2052, -0.064, 1
      ],
      "name": "KR5G5-100P-29"
    },
    {
      "matrix": [
        -6.58074e-17, -3.33067e-16, -1, 0, 5.49806e-15, -1, 3.33067e-16, 0, -1,
        -5.49806e-15, 6.58074e-17, 0, 0.275, 0.2052, -0.064, 1
      ],
      "name": "KR5G5-100P-32"
    },
    {
      "matrix": [
        1.11022e-16, 1.38778e-17, -1, 0, 4.12611e-17, -1, -1.38778e-17, 0, -1,
        -4.12611e-17, -5.55112e-17, 0, -0.165, 0.112, -0.13332, 1
      ],
      "name": "KR5G5-100P-38"
    },
    {
      "matrix": [
        -3.38142e-16, -3.33067e-16, -1, 0, 5.49806e-15, -1, 3.33067e-16, 0, -1,
        -5.49806e-15, 3.38142e-16, 0, -0.165, 0.2052, -0.114, 1
      ],
      "name": "KR5G5-100P-18"
    },
    {
      "matrix": [
        -2.01975e-16, -3.33067e-16, -1, 0, 5.49806e-15, -1, 3.33067e-16, 0, -1,
        -5.49806e-15, 2.01975e-16, 0, -0.055, 0.2052, -0.15925, 1
      ],
      "name": "KR5G5-100P-24"
    },
    {
      "matrix": [
        1.11022e-16, 1.38778e-17, -1, 0, 4.12611e-17, -1, -1.38778e-17, 0, -1,
        -4.12611e-17, -5.55112e-17, 0, -0.055, 0.112, -0.13332, 1
      ],
      "name": "KR5G5-100P-39"
    },
    {
      "matrix": [
        -4.32676e-16, -3.33067e-16, -1, 0, 5.49806e-15, -1, 3.33067e-16, 0, -1,
        -5.49806e-15, 4.32676e-16, 0, 0.275, 0.2052, -0.15925, 1
      ],
      "name": "KR5G5-100P-17"
    },
    {
      "matrix": [
        -2.01975e-16, -3.33067e-16, -1, 0, 5.49806e-15, -1, 3.33067e-16, 0, -1,
        -5.49806e-15, 2.01975e-16, 0, 0.275, 0.2052, -0.15925, 1
      ],
      "name": "KR5G5-100P-27"
    },
    {
      "matrix": [
        -3.33067e-16, 1.59605e-16, -1, 0, 9.46108e-17, -1, -1.59605e-16, 0, -1,
        -9.46108e-17, 3.33067e-16, 0, -0.055, 0.112, -0.0358197, 1
      ],
      "name": "KR5G5-100P-49"
    },
    {
      "matrix": [
        1.2326e-32, 0.0971, -0.995275, 0, -6.77927e-32, -0.995275, -0.0971, 0,
        -1, 9.34076e-33, 1.44214e-30, 0, -0.165, 0.0599933, 0.0129229, 1
      ],
      "name": "KR5G5-100P-53"
    },
    {
      "matrix": [
        -1.11022e-16, 0.0971, -0.995275, 0, 3.69779e-32, -0.995275, -0.0971, 0,
        -1, 5.83639e-17, 5.66561e-18, 0, -0.165, 0.0546042, 0.0681606, 1
      ],
      "name": "KR5G5-100P-58"
    },
    {
      "matrix": [
        1.11022e-16, 1.38778e-17, -1, 0, 4.12611e-17, -1, -1.38778e-17, 0, -1,
        -4.12611e-17, -5.55112e-17, 0, 0.275, 0.112, -0.13332, 1
      ],
      "name": "KR5G5-100P-42"
    },
    {
      "matrix": [
        0, -6.77964e-32, -1, 0, 5.14855e-17, -1, 8.32002e-32, 0, -1,
        -5.14855e-17, 0, 0, -0.165, 0.112, -0.0833197, 1
      ],
      "name": "KR5G5-100P-43"
    },
    {
      "matrix": [
        -3.33067e-16, 1.59605e-16, -1, 0, 9.46108e-17, -1, -1.59605e-16, 0, -1,
        -9.46108e-17, 3.33067e-16, 0, 0.165, 0.112, -0.0358197, 1
      ],
      "name": "KR5G5-100P-51"
    },
    {
      "matrix": [
        -1.11022e-16, 0.0971, -0.995275, 0, 3.69779e-32, -0.995275, -0.0971, 0,
        -1, 5.83639e-17, 5.66561e-18, 0, -0.055, 0.0546042, 0.0681606, 1
      ],
      "name": "KR5G5-100P-59"
    },
    {
      "matrix": [
        -1.11022e-16, 0.0971, -0.995275, 0, 3.69779e-32, -0.995275, -0.0971, 0,
        -1, 5.83639e-17, 5.66561e-18, 0, 0.165, 0.0546042, 0.0681606, 1
      ],
      "name": "KR5G5-100P-61"
    },
    {
      "matrix": [
        1.2326e-32, 0.0971, -0.995275, 0, -6.77927e-32, -0.995275, -0.0971, 0,
        -1, 9.34076e-33, 1.44214e-30, 0, 0.055, 0.0599933, 0.0129229, 1
      ],
      "name": "KR5G5-100P-55"
    },
    {
      "matrix": [
        -1.11022e-16, 0.0971, -0.995275, 0, 3.69779e-32, -0.995275, -0.0971, 0,
        -1, 5.83639e-17, 5.66561e-18, 0, 0.055, 0.0546042, 0.0681606, 1
      ],
      "name": "KR5G5-100P-60"
    },
    {
      "matrix": [
        -1.11022e-16, 0.0971, -0.995275, 0, 3.69779e-32, -0.995275, -0.0971, 0,
        -1, 5.83639e-17, 5.66561e-18, 0, 0.275, 0.0546042, 0.0681606, 1
      ],
      "name": "KR5G5-100P-62"
    },
    {
      "matrix": [
        -3.33067e-16, 1.59605e-16, -1, 0, 9.46108e-17, -1, -1.59605e-16, 0, -1,
        -9.46108e-17, 3.33067e-16, 0, -0.165, 0.112, -0.0358197, 1
      ],
      "name": "KR5G5-100P-48"
    },
    {
      "matrix": [
        0, -6.77964e-32, -1, 0, 5.14855e-17, -1, 8.32002e-32, 0, -1,
        -5.14855e-17, 0, 0, -0.055, 0.112, -0.0833197, 1
      ],
      "name": "KR5G5-100P-44"
    },
    {
      "matrix": [
        0, -6.77964e-32, -1, 0, 5.14855e-17, -1, 8.32002e-32, 0, -1,
        -5.14855e-17, 0, 0, 0.055, 0.112, -0.0833197, 1
      ],
      "name": "KR5G5-100P-45"
    },
    {
      "matrix": [
        -3.33067e-16, 1.59605e-16, -1, 0, 9.46108e-17, -1, -1.59605e-16, 0, -1,
        -9.46108e-17, 3.33067e-16, 0, 0.055, 0.112, -0.0358197, 1
      ],
      "name": "KR5G5-100P-50"
    },
    {
      "matrix": [
        1.2326e-32, 0.0971, -0.995275, 0, -6.77927e-32, -0.995275, -0.0971, 0,
        -1, 9.34076e-33, 1.44214e-30, 0, -0.055, 0.0599933, 0.0129229, 1
      ],
      "name": "KR5G5-100P-54"
    },
    {
      "matrix": [
        1.2326e-32, 0.0971, -0.995275, 0, -6.77927e-32, -0.995275, -0.0971, 0,
        -1, 9.34076e-33, 1.44214e-30, 0, 0.165, 0.0599933, 0.0129229, 1
      ],
      "name": "KR5G5-100P-56"
    },
    {
      "matrix": [
        1.2326e-32, 0.0971, -0.995275, 0, -6.77927e-32, -0.995275, -0.0971, 0,
        -1, 9.34076e-33, 1.44214e-30, 0, 0.275, 0.0599933, 0.0129229, 1
      ],
      "name": "KR5G5-100P-57"
    },
    {
      "matrix": [
        1.11022e-16, 1.38778e-17, -1, 0, 4.12611e-17, -1, -1.38778e-17, 0, -1,
        -4.12611e-17, -5.55112e-17, 0, 0.165, 0.112, -0.13332, 1
      ],
      "name": "KR5G5-100P-41"
    },
    {
      "matrix": [
        0, -6.77964e-32, -1, 0, 5.14855e-17, -1, 8.32002e-32, 0, -1,
        -5.14855e-17, 0, 0, 0.165, 0.112, -0.0833197, 1
      ],
      "name": "KR5G5-100P-46"
    },
    {
      "matrix": [
        0, -6.77964e-32, -1, 0, 5.14855e-17, -1, 8.32002e-32, 0, -1,
        -5.14855e-17, 0, 0, 0.275, 0.112, -0.0833197, 1
      ],
      "name": "KR5G5-100P-47"
    },
    {
      "matrix": [
        -3.33067e-16, 1.59605e-16, -1, 0, 9.46108e-17, -1, -1.59605e-16, 0, -1,
        -9.46108e-17, 3.33067e-16, 0, 0.275, 0.112, -0.0358197, 1
      ],
      "name": "KR5G5-100P-52"
    },
    {
      "matrix": [
        -3.46945e-18, -0.0971, 0.995275, 0, 7.37257e-18, -0.995275, -0.0971, 0,
        1, 6.6385e-18, 2.27625e-18, 0, -0.165, 0.0443602, 0.173162, 1
      ],
      "name": "KR5G5-100P-68"
    },
    {
      "matrix": [
        -1, 0, 0, 0, 0, 1, 0, 0, 0, 0, -1, 0, 0.165, 0, -9.98495e-18, 1
      ],
      "mesh": 15,
      "name": "MirrorSupport3-2"
    },
    {
      "matrix": [
        -1, 0, 0, 0, 0, 1, 0, 0, 0, 0, -1, 0, 0.0615, 0.0675, -0.1945, 1
      ],
      "mesh": 16,
      "name": "MirrorVDL Bracket-2"
    },
    {
      "matrix": [
        -3.46945e-18, -0.0971, 0.995275, 0, 7.37257e-18, -0.995275, -0.0971, 0,
        1, 6.6385e-18, 2.27625e-18, 0, -0.055, 0.0443602, 0.173162, 1
      ],
      "name": "KR5G5-100P-69"
    },
    {
      "matrix": [
        6.93889e-18, 0.0971, -0.995275, 0, 1.2326e-32, -0.995275, -0.0971, 0,
        -1, 6.73766e-19, -6.90611e-18, 0, 0.055, 0.0497492, 0.117924, 1
      ],
      "name": "KR5G5-100P-65"
    },
    {
      "matrix": [
        6.93889e-18, 0.0971, -0.995275, 0, 1.2326e-32, -0.995275, -0.0971, 0,
        -1, 6.73766e-19, -6.90611e-18, 0, 0.165, 0.0497492, 0.117924, 1
      ],
      "name": "KR5G5-100P-66"
    },
    {
      "matrix": [
        -3.46945e-18, -0.0971, 0.995275, 0, 7.37257e-18, -0.995275, -0.0971, 0,
        1, 6.6385e-18, 2.27625e-18, 0, 0.275, 0.0443602, 0.173162, 1
      ],
      "name": "KR5G5-100P-72"
    },
    {
      "matrix": [
        1, 5.82867e-16, 9.92158e-16, 0, 9.92158e-16, 5.20464e-17, -1, 0,
        -5.82867e-16, 1, 5.20464e-17, 0, 0.3415, 0.168, -0.187, 1
      ],
      "mesh": 17,
      "name": "Stopper_대칭-3"
    },
    {
      "matrix": [
        -3.46945e-18, -0.0971, 0.995275, 0, 7.37257e-18, -0.995275, -0.0971, 0,
        1, 6.6385e-18, 2.27625e-18, 0, 0.165, 0.0443602, 0.173162, 1
      ],
      "name": "KR5G5-100P-71"
    },
    {
      "matrix": [
        2.01228e-16, 2.77556e-17, -1, 0, -1, 2.94903e-17, -2.01228e-16, 0,
        2.94903e-17, 1, 2.77556e-17, 0, 0.3425, 0.0667194, 0.0712, 1
      ],
      "mesh": 18,
      "name": "byc-17-3-2"
    },
    {
      "matrix": [
        6.93889e-18, 0.0971, -0.995275, 0, 1.2326e-32, -0.995275, -0.0971, 0,
        -1, 6.73766e-19, -6.90611e-18, 0, 0.275, 0.0497492, 0.117924, 1
      ],
      "name": "KR5G5-100P-67"
    },
    {
      "matrix": [
        6.93889e-18, 0.0971, -0.995275, 0, 1.2326e-32, -0.995275, -0.0971, 0,
        -1, 6.73766e-19, -6.90611e-18, 0, -0.165, 0.0497492, 0.117924, 1
      ],
      "name": "KR5G5-100P-63"
    },
    {
      "matrix": [
        6.93889e-18, 0.0971, -0.995275, 0, 1.2326e-32, -0.995275, -0.0971, 0,
        -1, 6.73766e-19, -6.90611e-18, 0, -0.055, 0.0497492, 0.117924, 1
      ],
      "name": "KR5G5-100P-64"
    },
    {
      "matrix": [
        3.38358e-18, -0.251634, -0.967823, 0, -1, -6.41824e-17, 1.31914e-17, 0,
        -6.54366e-17, 0.967823, -0.251634, 0, 0.345, 0.0433, -0.0752, 1
      ],
      "mesh": 19,
      "name": "6.35mm 패널마운트-2"
    },
    {
      "matrix": [
        -3.46945e-18, -0.0971, 0.995275, 0, 7.37257e-18, -0.995275, -0.0971, 0,
        1, 6.6385e-18, 2.27625e-18, 0, 0.055, 0.0443602, 0.173162, 1
      ],
      "name": "KR5G5-100P-70"
    },
    {
      "matrix": [0, 0, 1, 0, 0, 1, 0, 0, -1, 0, 0, 0, 0.35, 0, 0, 1],
      "mesh": 20,
      "name": "MirrorR02_Support Block1-2"
    },
    {
      "matrix": [
        -3.33067e-16, 1.59605e-16, -1, 0, 9.46108e-17, -1, -1.59605e-16, 0, -1,
        -9.46108e-17, 3.33067e-16, 0, -0.275, 0.112, -0.0358197, 1
      ],
      "name": "KR5G5-100P-5"
    },
    {
      "matrix": [
        1, 0, 0, 0, 0, 1, 0, 0, 0, 0, 1, 0, -0.3505, 0.1957, -0.182, 1
      ],
      "mesh": 21,
      "name": "C-HCDG5-15-1"
    },
    {
      "matrix": [
        -1, -8.8158e-15, 1.27533e-15, 0, -5.69313e-15, 0.522435, -0.852679, 0,
        6.85077e-15, -0.852679, -0.522435, 0, 0.138934, 0.29862, -0.193643, 1
      ],
      "name": "BigFoot Foot Switch ASM-1"
    },
    {
      "matrix": [
        1, 8.52212e-18, -8.73517e-17, 0, -8.77665e-17, 0.0971, -0.995275, 0,
        3.38422e-32, 0.995275, 0.0971, 0, -0.175, 0.0548472, 0.0965665, 1
      ],
      "name": "OD-1_komplett-1"
    },
    {
      "matrix": [
        -1.11022e-16, 0.0971, -0.995275, 0, 3.69779e-32, -0.995275, -0.0971, 0,
        -1, 5.83639e-17, 5.66561e-18, 0, -0.275, 0.0546042, 0.0681606, 1
      ],
      "name": "KR5G5-100P-3"
    },
    {
      "matrix": [
        1.2326e-32, 0.0971, -0.995275, 0, -6.77927e-32, -0.995275, -0.0971, 0,
        -1, 9.34076e-33, 1.44214e-30, 0, -0.275, 0.0599933, 0.0129229, 1
      ],
      "name": "KR5G5-100P-4"
    },
    {
      "matrix": [
        1.11022e-16, 1.38778e-17, -1, 0, 4.12611e-17, -1, -1.38778e-17, 0, -1,
        -4.12611e-17, -5.55112e-17, 0, -0.275, 0.112, -0.13332, 1
      ],
      "name": "KR5G5-100P-7"
    },
    {
      "matrix": [
        -6.58074e-17, -3.33067e-16, -1, 0, 5.49806e-15, -1, 3.33067e-16, 0, -1,
        -5.49806e-15, 6.58074e-17, 0, -0.275, 0.2052, -0.064, 1
      ],
      "name": "KR5G5-100P-9"
    },
    {
      "matrix": [
        -2.01975e-16, -3.33067e-16, -1, 0, 5.49806e-15, -1, 3.33067e-16, 0, -1,
        -5.49806e-15, 2.01975e-16, 0, -0.275, 0.2052, -0.15925, 1
      ],
      "name": "KR5G5-100P-10"
    },
    {
      "matrix": [
        -3.38142e-16, -3.33067e-16, -1, 0, 5.49806e-15, -1, 3.33067e-16, 0, -1,
        -5.49806e-15, 3.38142e-16, 0, -0.275, 0.2052, -0.114, 1
      ],
      "name": "KR5G5-100P-11"
    },
    {
      "matrix": [
        -4.32676e-16, -3.33067e-16, -1, 0, 5.49806e-15, -1, 3.33067e-16, 0, -1,
        -5.49806e-15, 4.32676e-16, 0, -0.275, 0.2052, -0.15925, 1
      ],
      "name": "KR5G5-100P-12"
    },
    {
      "matrix": [
        -1, -5.71441e-15, 1.36747e-16, 0, -5.71441e-15, 1, 1.59595e-16, 0,
        -1.36747e-16, 1.59595e-16, -1, 0, -1.13331e-15, 0.2073, -0.032, 1
      ],
      "mesh": 22,
      "name": "BY183-3-1"
    },
    {
      "matrix": [
        1, -3.9631e-19, -5.56089e-17, 0, -5.53076e-17, 0.0971, -0.995275, 0,
        5.79406e-18, 0.995275, 0.0971, 0, -0.085, 0.0546805, 0.0982745, 1
      ],
      "name": "Boss - GE-7_EQ-1"
    },
    {
      "matrix": [
        1, -4.31408e-32, 0, 0, -5.31752e-64, -1.2326e-32, -1, 0, 4.31408e-32, 1,
        -1.2326e-32, 0, -0.26725, 0.115, -0.10415, 1
      ],
      "name": "Bluesdriver_komplett-2"
    },
    {
      "matrix": [
        -1, -8.85793e-17, 8.32667e-17, 0, -4.72894e-18, -0.656059, -0.75471, 0,
        1.2148e-16, -0.75471, 0.656059, 0, -0.334, 0.124359, -0.177248, 1
      ],
      "mesh": 23,
      "name": "by4-bk-16s-1"
    },
    {
      "matrix": [
        -3.46945e-18, -0.0971, 0.995275, 0, 7.37257e-18, -0.995275, -0.0971, 0,
        1, 6.6385e-18, 2.27625e-18, 0, -0.275, 0.0443602, 0.173162, 1
      ],
      "name": "KR5G5-100P-1"
    },
    {
      "matrix": [
        -3.38358e-18, -0.251634, -0.967823, 0, 1, -6.41824e-17, 1.31914e-17, 0,
        -6.54366e-17, -0.967823, 0.251634, 0, -0.345, 0.0433, -0.0752, 1
      ],
      "mesh": 24,
      "name": "6.35mm 패널마운트-1"
    },
    {
      "matrix": [
        1.36933e-17, -0.0971, 0.995275, 0, 1.21218e-17, 0.995275, 0.0971, 0, -1,
        -5.26177e-18, 0, 0, -0.265, 0.0746405, 0.109339, 1
      ],
      "name": "Boss_Assembly-1"
    },
    {
      "matrix": [
        0, -6.77964e-32, -1, 0, 5.14855e-17, -1, 8.32002e-32, 0, -1,
        -5.14855e-17, 0, 0, -0.275, 0.112, -0.0833197, 1
      ],
      "name": "KR5G5-100P-6"
    },
    {
      "children": [106, 107, 108, 109, 110, 111],
      "matrix": [
        1, -2.74445e-15, 1.69467e-15, 0, -1.69467e-15, 2.77556e-16, 1, 0,
        -2.74445e-15, -1, 2.77556e-16, 0, 7.72634e-16, 0.1713, -0.0951394, 1
      ],
      "name": "BY10-11(2)-1"
    },
    {
      "mesh": 25,
      "name": "MSBR-3-1"
    },
    {
      "mesh": 26,
      "name": "MSBR-7-1"
    },
    {
      "mesh": 27,
      "name": "MSBR-5-1"
    },
    {
      "mesh": 28,
      "name": "MSBR-4-1"
    },
    {
      "mesh": 29,
      "name": "MSBR-1-1"
    },
    {
      "mesh": 30,
      "name": "MSBR-2-1"
    },
    {
      "children": [113, 114],
      "matrix": [
        9.30725e-17, 0.424531, 0.905413, 0, 1, 3.93964e-16, -2.87518e-16, 0,
        -4.78761e-16, 0.905413, -0.424531, 0, -0.32335, 0.140263, -0.14333, 1
      ],
      "name": "쇼바-1"
    },
    {
      "mesh": 31,
      "name": "BY4-235 피스톤-1"
    },
    {
      "matrix": [
        1, -3.73001e-17, -1.66533e-16, 0, -3.73001e-17, -1, 2.28262e-16, 0,
        -1.66533e-16, -2.28262e-16, -1, 0, 0.0635384, -1.06498e-12, 7.40055e-12,
        1
      ],
      "mesh": 32,
      "name": "로드-1"
    },
    {
      "matrix": [
        -1, -5.94758e-15, -1.55375e-14, 0, 1.55375e-14, 1.59595e-16, -1, 0,
        5.94758e-15, -1, -1.59595e-16, 0, -5.67326e-14, 0.171337, -0.095135, 1
      ],
      "mesh": 33,
      "name": "upper catch-6-1"
    },
    {
      "matrix": [
        1, 5.10729e-20, -5.23498e-19, 0, -5.25983e-19, 0.0971, -0.995275, 0,
        -1.89702e-46, 0.995275, 0.0971, 0, 0.005, 0.0550279, 0.0947137, 1
      ],
      "name": "Bluesdriver_komplett-1"
    },
    {
      "matrix": [
        6.93889e-18, 0.0971, -0.995275, 0, 1.2326e-32, -0.995275, -0.0971, 0,
        -1, 6.73766e-19, -6.90611e-18, 0, -0.275, 0.0497492, 0.117924, 1
      ],
      "name": "KR5G5-100P-2"
    },
    {
      "matrix": [
        6.1149e-17, 0.995275, 0.0971, 0, -0.996434, 0.00819343, -0.0839827, 0,
        -0.0843814, -0.0967537, 0.991725, 0, -0.175, 0.0429542, 0.154824, 1
      ],
      "mesh": 34,
      "name": "socket countersunk head screw_iso-32"
    },
    {
      "matrix": [
        6.12323e-17, -1.15556e-33, 1, 0, 0.0532182, 0.998583, -3.25868e-18, 0,
        -0.998583, 0.0532182, 6.11456e-17, 0, 0.15, 0.0214274, 0.19112, 1
      ],
      "mesh": 35,
      "name": "socket countersunk head screw_iso-18"
    },
    {
      "matrix": [
        6.12323e-17, 1, 0, 0, -0.999999, 6.12323e-17, 0.00133234, 0, 0.00133234,
        -8.15822e-20, 0.999999, 0, 0.155, 0.10882, -0.0429829, 1
      ],
      "mesh": 36,
      "name": "socket countersunk head screw_iso-38"
    },
    {
      "matrix": [
        6.12323e-17, 0, -1, 0, 0.0133114, 0.999911, 8.15091e-19, 0, 0.999911,
        -0.0133114, 6.12269e-17, 0, 0.18, 0.091, -0.19112, 1
      ],
      "mesh": 37,
      "name": "socket countersunk head screw_iso-21"
    },
    {
      "matrix": [
        6.12323e-17, 0, -1, 0, -0.011419, 0.999935, -6.9921e-19, 0, 0.999935,
        0.011419, 6.12283e-17, 0, -0.15, 0.091, -0.19112, 1
      ],
      "mesh": 38,
      "name": "socket countersunk head screw_iso-23"
    },
    {
      "matrix": [
        6.12323e-17, 1, 0, 0, -0.99992, 6.12274e-17, -0.012682, 0, -0.012682,
        7.76549e-19, 0.99992, 0, -0.155, 0.10882, -0.172983, 1
      ],
      "mesh": 39,
      "name": "socket countersunk head screw_iso-25"
    },
    {
      "matrix": [
        6.12323e-17, 1, 0, 0, -0.999968, 6.12304e-17, -0.00805371, 0,
        -0.00805371, 4.93148e-19, 0.999968, 0, -0.175, 0.10882, -0.172983, 1
      ],
      "mesh": 40,
      "name": "socket countersunk head screw_iso-26"
    },
    {
      "matrix": [
        6.12323e-17, 1, 0, 0, -0.999769, 6.12182e-17, 0.021509, 0, 0.021509,
        -1.31704e-18, 0.999769, 0, -0.155, 0.10882, -0.0429829, 1
      ],
      "mesh": 41,
      "name": "socket countersunk head screw_iso-28"
    },
    {
      "matrix": [
        6.1149e-17, 0.995275, 0.0971, 0, -0.997117, 0.00736844, -0.0755266, 0,
        -0.0758851, -0.09682, 0.992405, 0, -0.175, 0.0555772, 0.025438, 1
      ],
      "mesh": 42,
      "name": "socket countersunk head screw_iso-30"
    },
    {
      "matrix": [
        6.1149e-17, 0.995275, 0.0971, 0, -0.996592, 0.00800971, -0.0820995, 0,
        -0.0824893, -0.096769, 0.991883, 0, -0.155, 0.0429542, 0.154824, 1
      ],
      "mesh": 43,
      "name": "socket countersunk head screw_iso-31"
    },
    {
      "matrix": [
        6.12323e-17, 1, 0, 0, -0.996541, 6.10205e-17, -0.0831003, 0, -0.0831003,
        5.08843e-18, 0.996541, 0, -0.3425, -0.00688, -0.08, 1
      ],
      "name": "socket countersunk head screw_iso-10"
    },
    {
      "matrix": [
        6.12323e-17, 1, 0, 0, -0.999099, 6.11772e-17, 0.0424337, 0, 0.0424337,
        -2.59831e-18, 0.999099, 0, 0.3425, -0.00688, -0.08, 1
      ],
      "name": "socket countersunk head screw_iso-15"
    },
    {
      "matrix": [
        6.12323e-17, 0, 1, 0, -0.00287975, 0.999996, 1.76334e-19, 0, -0.999996,
        -0.00287975, 6.12321e-17, 0, 0.18, 0.0214274, 0.19112, 1
      ],
      "mesh": 44,
      "name": "socket countersunk head screw_iso-17"
    },
    {
      "matrix": [
        6.12323e-17, 1, 1.22086e-31, 0, -0.0617823, 3.78307e-18, -0.99809, 0,
        -0.99809, 6.11154e-17, 0.0617823, 0, -0.0497, 0.112696, -0.0848894, 1
      ],
      "name": "socket countersunk head screw_am-36"
    },
    {
      "matrix": [
        6.12323e-17, 0, 1, 0, 0.0545233, 0.998512, -3.33859e-18, 0, -0.998512,
        0.0545233, 6.11413e-17, 0, -0.18, 0.0214274, 0.19112, 1
      ],
      "mesh": 45,
      "name": "socket countersunk head screw_iso-19"
    },
    {
      "matrix": [
        6.12323e-17, 0, -1, 0, 0.016634, 0.999862, 1.01854e-18, 0, 0.999862,
        -0.016634, 6.12239e-17, 0, 0.15, 0.091, -0.19112, 1
      ],
      "mesh": 46,
      "name": "socket countersunk head screw_iso-22"
    },
    {
      "matrix": [
        6.12323e-17, 0, 1, 0, 0.0696619, 0.997571, -4.26556e-18, 0, -0.997571,
        0.0696619, 6.10836e-17, 0, -0.15, 0.0214274, 0.19112, 1
      ],
      "mesh": 47,
      "name": "socket countersunk head screw_iso-20"
    },
    {
      "matrix": [
        6.1149e-17, 0.995275, 0.0971, 0, -0.997263, 0.00717942, -0.0735891, 0,
        -0.0739384, -0.0968342, 0.99255, 0, -0.155, 0.0555772, 0.025438, 1
      ],
      "mesh": 48,
      "name": "socket countersunk head screw_iso-29"
    },
    {
      "matrix": [
        6.07153e-17, 0.995275, 0.0971, 0, -0.996395, 0.00823783, -0.0844377, 0,
        -0.0848386, -0.0967499, 0.991686, 0, 0.175, 0.0429542, 0.154824, 1
      ],
      "mesh": 49,
      "name": "socket countersunk head screw_iso-33"
    },
    {
      "matrix": [
        6.13658e-17, 0.995275, 0.0971, 0, -0.99502, 0.009678, -0.0991995, 0,
        -0.0996705, -0.0966165, 0.990319, 0, 0.175, 0.0555772, 0.025438, 1
      ],
      "mesh": 50,
      "name": "socket countersunk head screw_iso-35"
    },
    {
      "matrix": [
        6.12323e-17, 0, -1, 0, -0.00593589, 0.999982, -3.63468e-19, 0, 0.999982,
        0.00593589, 6.12313e-17, 0, -0.18, 0.091, -0.19112, 1
      ],
      "mesh": 51,
      "name": "socket countersunk head screw_iso-24"
    },
    {
      "matrix": [
        6.12303e-17, 0.995275, 0.0971, 0, -0.995064, 0.00963584, -0.0987674, 0,
        -0.0992363, -0.0966207, 0.990362, 0, 0.155, 0.0555772, 0.025438, 1
      ],
      "mesh": 52,
      "name": "socket countersunk head screw_iso-36"
    },
    {
      "matrix": [
        6.12323e-17, 1, 1.68808e-32, 0, 0.738799, -4.52384e-17, -0.673925, 0,
        -0.673925, 4.1266e-17, -0.738799, 0, -0.0497, 0.112317, -0.0988894, 1
      ],
      "mesh": 53,
      "name": "socket countersunk head screw_am-37"
    },
    {
      "matrix": [
        6.12323e-17, 1, 0, 0, -0.999876, 6.12247e-17, 0.0157778, 0, 0.0157778,
        -9.66113e-19, 0.999876, 0, -0.175, 0.10882, -0.0429829, 1
      ],
      "mesh": 54,
      "name": "socket countersunk head screw_iso-27"
    },
    {
      "matrix": [
        6.09322e-17, 0.995275, 0.0971, 0, -0.996485, 0.00813445, -0.0833781, 0,
        -0.083774, -0.0967586, 0.991776, 0, 0.155, 0.0429542, 0.154824, 1
      ],
      "mesh": 55,
      "name": "socket countersunk head screw_iso-34"
    },
    {
      "matrix": [
        6.12323e-17, 1, 0, 0, -0.999995, 6.1232e-17, 0.00307999, 0, 0.00307999,
        -1.88595e-19, 0.999995, 0, 0.175, 0.10882, -0.0429829, 1
      ],
      "mesh": 56,
      "name": "socket countersunk head screw_iso-37"
    },
    {
      "matrix": [
        6.12323e-17, 1, 4.81482e-35, 0, -0.99999, 6.12317e-17, -0.00439669, 0,
        -0.00439669, 2.6922e-19, 0.99999, 0, 0.175, 0.10882, -0.172983, 1
      ],
      "mesh": 57,
      "name": "socket countersunk head screw_iso-39"
    },
    {
      "matrix": [
        6.12323e-17, 1, 0, 0, -0.999898, 6.12261e-17, -0.0142754, 0, -0.0142754,
        8.74116e-19, 0.999898, 0, 0.155, 0.10882, -0.172983, 1
      ],
      "mesh": 58,
      "name": "socket countersunk head screw_iso-40"
    },
    {
      "matrix": [
        6.12323e-17, 1, 0, 0, -1, 6.12323e-17, 0.000413753, 0, 0.000413753,
        -2.53351e-20, 1, 0, -0.3425, -0.00688, 0.16, 1
      ],
      "name": "socket countersunk head screw_iso-7"
    },
    {
      "matrix": [
        6.12323e-17, 1, 0, 0, -0.999993, 6.12319e-17, 0.00362209, 0, 0.00362209,
        -2.21789e-19, 0.999993, 0, -0.3425, -0.00688, 0.08, 1
      ],
      "name": "socket countersunk head screw_iso-8"
    },
    {
      "matrix": [
        6.12323e-17, 1, 0, 0, -0.996657, 6.10276e-17, -0.0816982, 0, -0.0816982,
        5.00257e-18, 0.996657, 0, -0.3425, -0.00688, -0.16, 1
      ],
      "name": "socket countersunk head screw_iso-11"
    },
    {
      "matrix": [
        6.12323e-17, 1, 0, 0, -0.999844, 6.12228e-17, -0.01767, 0, -0.01767,
        1.08198e-18, 0.999844, 0, 0.3425, -0.00688, 0.16, 1
      ],
      "name": "socket countersunk head screw_iso-12"
    },
    {
      "matrix": [
        6.12323e-17, 1, 0, 0, -0.9978, 6.10977e-17, -0.066289, 0, -0.066289,
        4.05903e-18, 0.9978, 0, -0.3425, -0.00688, 1.04083e-17, 1
      ],
      "name": "socket countersunk head screw_iso-9"
    },
    {
      "matrix": [
        6.12323e-17, 1, 0, 0, -0.998518, 6.11416e-17, 0.0544206, 0, 0.0544206,
        -3.3323e-18, 0.998518, 0, 0.3425, -0.00688, 0.08, 1
      ],
      "name": "socket countersunk head screw_iso-13"
    },
    {
      "matrix": [
        6.12323e-17, 1, 0, 0, -0.998553, 6.11437e-17, 0.0537833, 0, 0.0537833,
        -3.29328e-18, 0.998553, 0, 0.3425, -0.00688, 2.08167e-17, 1
      ],
      "name": "socket countersunk head screw_iso-14"
    },
    {
      "matrix": [
        6.12323e-17, 1, 0, 0, -0.999624, 6.12093e-17, 0.0274086, 0, 0.0274086,
        -1.67829e-18, 0.999624, 0, 0.3425, -0.00688, -0.16, 1
      ],
      "name": "socket countersunk head screw_iso-16"
    },
    {
      "matrix": [
        6.12323e-17, -1, 1.01039e-32, 0, 0.778946, 4.76967e-17, 0.627091, 0,
        -0.627091, -3.83983e-17, 0.778946, 0, -0.3425, 0.115222, -0.0549995, 1
      ],
      "mesh": 59,
      "name": "socket countersunk head screw_am-5"
    },
    {
      "matrix": [
        6.12323e-17, -1, 5.07507e-32, 0, 0.533395, 3.2661e-17, 0.845867, 0,
        -0.845867, -5.17944e-17, 0.533395, 0, -0.3425, 0.11564, -0.104999, 1
      ],
      "mesh": 60,
      "name": "socket countersunk head screw_am-4"
    },
    {
      "matrix": [
        6.12323e-17, 5.66223e-32, 1, 0, -0.707947, 0.706265, 4.33493e-17, 0,
        -0.706265, -0.707947, 4.32463e-17, 0, -0.3425, 0.0975, -0.198591, 1
      ],
      "mesh": 61,
      "name": "socket countersunk head screw_am-8"
    },
    {
      "matrix": [
        6.12323e-17, -1.07852e-32, 1, 0, -0.826858, 0.562411, 5.06304e-17, 0,
        -0.562411, -0.826858, 3.44377e-17, 0, -0.3425, 0.0175, -0.197441, 1
      ],
      "mesh": 62,
      "name": "socket countersunk head screw_am-9"
    },
    {
      "matrix": [
        6.12323e-17, -1, 8.00625e-32, 0, 0.530383, 3.24766e-17, 0.847758, 0,
        -0.847758, -5.19102e-17, 0.530383, 0, -0.3425, 0.114683, -0.0799995, 1
      ],
      "mesh": 63,
      "name": "socket countersunk head screw_am-2"
    },
    {
      "matrix": [
        6.12323e-17, -1, -4.60372e-33, 0, 0.996128, 6.09952e-17, 0.087918, 0,
        -0.087918, -5.38343e-18, 0.996128, 0, 0.3425, 0.115121, -0.104999, 1
      ],
      "mesh": 64,
      "name": "socket countersunk head screw_am-1"
    },
    {
      "matrix": [
        6.12323e-17, -1, 4.54989e-32, 0, -0.203603, -1.24671e-17, 0.979053, 0,
        -0.979053, -5.99497e-17, -0.203603, 0, 0.3425, 0.114832, -0.0549995, 1
      ],
      "mesh": 65,
      "name": "socket countersunk head screw_am-10"
    },
    {
      "matrix": [
        6.12323e-17, -7.91076e-32, 1, 0, 0.953583, 0.301129, -5.83901e-17, 0,
        -0.301129, 0.953583, 1.84389e-17, 0, 0.3425, 0.0975, -0.197217, 1
      ],
      "mesh": 66,
      "name": "socket countersunk head screw_am-11"
    },
    {
      "matrix": [
        6.12323e-17, -7.70372e-32, -1, 0, 0.997012, -0.07725, 6.10494e-17, 0,
        -0.07725, -0.997012, -4.7302e-18, 0, -0.3425, 0.0127784, 0.197928, 1
      ],
      "mesh": 67,
      "name": "socket countersunk head screw_am-7"
    },
    {
      "matrix": [
        6.12323e-17, -4.23705e-33, 1, 0, 0.388171, 0.921588, -2.37686e-17, 0,
        -0.921588, 0.388171, 5.6431e-17, 0, 0.3425, 0.0175, -0.198127, 1
      ],
      "mesh": 68,
      "name": "socket countersunk head screw_am-12"
    },
    {
      "matrix": [
        6.12323e-17, 5.20001e-32, -1, 0, -0.633532, 0.773716, -3.87927e-17, 0,
        0.773716, 0.633532, 4.73764e-17, 0, -0.3425, 0.0327784, 0.199215, 1
      ],
      "mesh": 69,
      "name": "socket countersunk head screw_am-6"
    },
    {
      "matrix": [
        6.12323e-17, 3.23556e-32, -1, 0, 0.0800841, 0.996788, 4.90374e-18, 0,
        0.996788, -0.0800841, 6.10357e-17, 0, 0.3425, 0.0327784, 0.197756, 1
      ],
      "mesh": 70,
      "name": "socket countersunk head screw_am-13"
    },
    {
      "matrix": [
        -1, -1.77159e-16, 1.66533e-16, 0, 2.21562e-16, -0.381849, 0.924225, 0,
        -1.00144e-16, 0.924225, 0.381849, 0, -0.3235, 0.157064, -0.172397, 1
      ],
      "mesh": 71,
      "name": "socket head cap screw_ks-13"
    },
    {
      "matrix": [
        -1, -1.77159e-16, 1.66533e-16, 0, 2.21562e-16, -0.381849, 0.924225, 0,
        -1.00144e-16, 0.924225, 0.381849, 0, -0.3235, 0.1246, -0.1442, 1
      ],
      "mesh": 72,
      "name": "socket head cap screw_ks-14"
    },
    {
      "matrix": [
        -1.82e-32, 1, -5.58292e-18, 0, -0.285292, -5.35089e-18, -0.958441, 0,
        -0.958441, 1.59276e-18, 0.285292, 0, -0.3425, 0.0463, 0.0212, 1
      ],
      "mesh": 73,
      "name": "socket head cap screw_iso-2"
    },
    {
      "matrix": [
        6.12323e-17, -1, 7.92129e-32, 0, -0.438508, -2.68509e-17, 0.898727, 0,
        -0.898727, -5.50312e-17, -0.438508, 0, 0.3425, 0.11474, -0.0799995, 1
      ],
      "mesh": 74,
      "name": "socket countersunk head screw_am-16"
    },
    {
      "matrix": [
        6.12323e-17, 1, 1.83257e-32, 0, -0.776752, 4.75623e-17, -0.629807, 0,
        -0.629807, 3.85645e-17, 0.776752, 0, -0.3415, 0.111437, -0.152, 1
      ],
      "mesh": 75,
      "name": "socket countersunk head screw_am-25"
    },
    {
      "matrix": [
        0.990144, 0, -0.140051, 0, 0.140051, 0, 0.990144, 0, 0, -1, 0, 0,
        -0.0993, 0.109, -0.1251, 1
      ],
      "name": "hexagon thin nut gradeab_ks-3"
    },
    {
      "matrix": [
        6.12323e-17, 0, 1, 0, 0.0085026, 0.999964, -5.20634e-19, 0, -0.999964,
        0.0085026, 6.12301e-17, 0, 0.3425, 0.0575, -0.19768, 1
      ],
      "mesh": 76,
      "name": "socket countersunk head screw_iso-42"
    },
    {
      "matrix": [
